5e-09	5e-09	5e-09
1.5e-08	5e-09	5e-09
2.5e-08	5e-09	5e-09
3.5e-08	5e-09	5e-09
4.5e-08	5e-09	5e-09
5.5e-08	5e-09	5e-09
6.5e-08	5e-09	5e-09
7.5e-08	5e-09	5e-09
8.5e-08	5e-09	5e-09
9.5e-08	5e-09	5e-09
1.05e-07	5e-09	5e-09
1.15e-07	5e-09	5e-09
1.25e-07	5e-09	5e-09
1.35e-07	5e-09	5e-09
1.45e-07	5e-09	5e-09
1.55e-07	5e-09	5e-09
1.65e-07	5e-09	5e-09
1.75e-07	5e-09	5e-09
1.85e-07	5e-09	5e-09
1.95e-07	5e-09	5e-09
5e-09	1.5e-08	5e-09
1.5e-08	1.5e-08	5e-09
2.5e-08	1.5e-08	5e-09
3.5e-08	1.5e-08	5e-09
4.5e-08	1.5e-08	5e-09
5.5e-08	1.5e-08	5e-09
6.5e-08	1.5e-08	5e-09
7.5e-08	1.5e-08	5e-09
8.5e-08	1.5e-08	5e-09
9.5e-08	1.5e-08	5e-09
1.05e-07	1.5e-08	5e-09
1.15e-07	1.5e-08	5e-09
1.25e-07	1.5e-08	5e-09
1.35e-07	1.5e-08	5e-09
1.45e-07	1.5e-08	5e-09
1.55e-07	1.5e-08	5e-09
1.65e-07	1.5e-08	5e-09
1.75e-07	1.5e-08	5e-09
1.85e-07	1.5e-08	5e-09
1.95e-07	1.5e-08	5e-09
5e-09	2.5e-08	5e-09
1.5e-08	2.5e-08	5e-09
2.5e-08	2.5e-08	5e-09
3.5e-08	2.5e-08	5e-09
4.5e-08	2.5e-08	5e-09
5.5e-08	2.5e-08	5e-09
6.5e-08	2.5e-08	5e-09
7.5e-08	2.5e-08	5e-09
8.5e-08	2.5e-08	5e-09
9.5e-08	2.5e-08	5e-09
1.05e-07	2.5e-08	5e-09
1.15e-07	2.5e-08	5e-09
1.25e-07	2.5e-08	5e-09
1.35e-07	2.5e-08	5e-09
1.45e-07	2.5e-08	5e-09
1.55e-07	2.5e-08	5e-09
1.65e-07	2.5e-08	5e-09
1.75e-07	2.5e-08	5e-09
1.85e-07	2.5e-08	5e-09
1.95e-07	2.5e-08	5e-09
5e-09	3.5e-08	5e-09
1.5e-08	3.5e-08	5e-09
2.5e-08	3.5e-08	5e-09
3.5e-08	3.5e-08	5e-09
4.5e-08	3.5e-08	5e-09
5.5e-08	3.5e-08	5e-09
6.5e-08	3.5e-08	5e-09
7.5e-08	3.5e-08	5e-09
8.5e-08	3.5e-08	5e-09
9.5e-08	3.5e-08	5e-09
1.05e-07	3.5e-08	5e-09
1.15e-07	3.5e-08	5e-09
1.25e-07	3.5e-08	5e-09
1.35e-07	3.5e-08	5e-09
1.45e-07	3.5e-08	5e-09
1.55e-07	3.5e-08	5e-09
1.65e-07	3.5e-08	5e-09
1.75e-07	3.5e-08	5e-09
1.85e-07	3.5e-08	5e-09
1.95e-07	3.5e-08	5e-09
5e-09	4.5e-08	5e-09
1.5e-08	4.5e-08	5e-09
2.5e-08	4.5e-08	5e-09
3.5e-08	4.5e-08	5e-09
4.5e-08	4.5e-08	5e-09
5.5e-08	4.5e-08	5e-09
6.5e-08	4.5e-08	5e-09
7.5e-08	4.5e-08	5e-09
8.5e-08	4.5e-08	5e-09
9.5e-08	4.5e-08	5e-09
1.05e-07	4.5e-08	5e-09
1.15e-07	4.5e-08	5e-09
1.25e-07	4.5e-08	5e-09
1.35e-07	4.5e-08	5e-09
1.45e-07	4.5e-08	5e-09
1.55e-07	4.5e-08	5e-09
1.65e-07	4.5e-08	5e-09
1.75e-07	4.5e-08	5e-09
1.85e-07	4.5e-08	5e-09
1.95e-07	4.5e-08	5e-09
5e-09	5.5e-08	5e-09
1.5e-08	5.5e-08	5e-09
2.5e-08	5.5e-08	5e-09
3.5e-08	5.5e-08	5e-09
4.5e-08	5.5e-08	5e-09
5.5e-08	5.5e-08	5e-09
6.5e-08	5.5e-08	5e-09
7.5e-08	5.5e-08	5e-09
8.5e-08	5.5e-08	5e-09
9.5e-08	5.5e-08	5e-09
1.05e-07	5.5e-08	5e-09
1.15e-07	5.5e-08	5e-09
1.25e-07	5.5e-08	5e-09
1.35e-07	5.5e-08	5e-09
1.45e-07	5.5e-08	5e-09
1.55e-07	5.5e-08	5e-09
1.65e-07	5.5e-08	5e-09
1.75e-07	5.5e-08	5e-09
1.85e-07	5.5e-08	5e-09
1.95e-07	5.5e-08	5e-09
5e-09	6.5e-08	5e-09
1.5e-08	6.5e-08	5e-09
2.5e-08	6.5e-08	5e-09
3.5e-08	6.5e-08	5e-09
4.5e-08	6.5e-08	5e-09
5.5e-08	6.5e-08	5e-09
6.5e-08	6.5e-08	5e-09
7.5e-08	6.5e-08	5e-09
8.5e-08	6.5e-08	5e-09
9.5e-08	6.5e-08	5e-09
1.05e-07	6.5e-08	5e-09
1.15e-07	6.5e-08	5e-09
1.25e-07	6.5e-08	5e-09
1.35e-07	6.5e-08	5e-09
1.45e-07	6.5e-08	5e-09
1.55e-07	6.5e-08	5e-09
1.65e-07	6.5e-08	5e-09
1.75e-07	6.5e-08	5e-09
1.85e-07	6.5e-08	5e-09
1.95e-07	6.5e-08	5e-09
5e-09	7.5e-08	5e-09
1.5e-08	7.5e-08	5e-09
2.5e-08	7.5e-08	5e-09
3.5e-08	7.5e-08	5e-09
4.5e-08	7.5e-08	5e-09
5.5e-08	7.5e-08	5e-09
6.5e-08	7.5e-08	5e-09
7.5e-08	7.5e-08	5e-09
8.5e-08	7.5e-08	5e-09
9.5e-08	7.5e-08	5e-09
1.05e-07	7.5e-08	5e-09
1.15e-07	7.5e-08	5e-09
1.25e-07	7.5e-08	5e-09
1.35e-07	7.5e-08	5e-09
1.45e-07	7.5e-08	5e-09
1.55e-07	7.5e-08	5e-09
1.65e-07	7.5e-08	5e-09
1.75e-07	7.5e-08	5e-09
1.85e-07	7.5e-08	5e-09
1.95e-07	7.5e-08	5e-09
5e-09	8.5e-08	5e-09
1.5e-08	8.5e-08	5e-09
2.5e-08	8.5e-08	5e-09
3.5e-08	8.5e-08	5e-09
4.5e-08	8.5e-08	5e-09
5.5e-08	8.5e-08	5e-09
6.5e-08	8.5e-08	5e-09
7.5e-08	8.5e-08	5e-09
8.5e-08	8.5e-08	5e-09
9.5e-08	8.5e-08	5e-09
1.05e-07	8.5e-08	5e-09
1.15e-07	8.5e-08	5e-09
1.25e-07	8.5e-08	5e-09
1.35e-07	8.5e-08	5e-09
1.45e-07	8.5e-08	5e-09
1.55e-07	8.5e-08	5e-09
1.65e-07	8.5e-08	5e-09
1.75e-07	8.5e-08	5e-09
1.85e-07	8.5e-08	5e-09
1.95e-07	8.5e-08	5e-09
5e-09	9.5e-08	5e-09
1.5e-08	9.5e-08	5e-09
2.5e-08	9.5e-08	5e-09
3.5e-08	9.5e-08	5e-09
4.5e-08	9.5e-08	5e-09
5.5e-08	9.5e-08	5e-09
6.5e-08	9.5e-08	5e-09
7.5e-08	9.5e-08	5e-09
8.5e-08	9.5e-08	5e-09
9.5e-08	9.5e-08	5e-09
1.05e-07	9.5e-08	5e-09
1.15e-07	9.5e-08	5e-09
1.25e-07	9.5e-08	5e-09
1.35e-07	9.5e-08	5e-09
1.45e-07	9.5e-08	5e-09
1.55e-07	9.5e-08	5e-09
1.65e-07	9.5e-08	5e-09
1.75e-07	9.5e-08	5e-09
1.85e-07	9.5e-08	5e-09
1.95e-07	9.5e-08	5e-09
5e-09	5e-09	1.5e-08
1.5e-08	5e-09	1.5e-08
2.5e-08	5e-09	1.5e-08
3.5e-08	5e-09	1.5e-08
4.5e-08	5e-09	1.5e-08
5.5e-08	5e-09	1.5e-08
6.5e-08	5e-09	1.5e-08
7.5e-08	5e-09	1.5e-08
8.5e-08	5e-09	1.5e-08
9.5e-08	5e-09	1.5e-08
1.05e-07	5e-09	1.5e-08
1.15e-07	5e-09	1.5e-08
1.25e-07	5e-09	1.5e-08
1.35e-07	5e-09	1.5e-08
1.45e-07	5e-09	1.5e-08
1.55e-07	5e-09	1.5e-08
1.65e-07	5e-09	1.5e-08
1.75e-07	5e-09	1.5e-08
1.85e-07	5e-09	1.5e-08
1.95e-07	5e-09	1.5e-08
5e-09	1.5e-08	1.5e-08
1.5e-08	1.5e-08	1.5e-08
2.5e-08	1.5e-08	1.5e-08
3.5e-08	1.5e-08	1.5e-08
4.5e-08	1.5e-08	1.5e-08
5.5e-08	1.5e-08	1.5e-08
6.5e-08	1.5e-08	1.5e-08
7.5e-08	1.5e-08	1.5e-08
8.5e-08	1.5e-08	1.5e-08
9.5e-08	1.5e-08	1.5e-08
1.05e-07	1.5e-08	1.5e-08
1.15e-07	1.5e-08	1.5e-08
1.25e-07	1.5e-08	1.5e-08
1.35e-07	1.5e-08	1.5e-08
1.45e-07	1.5e-08	1.5e-08
1.55e-07	1.5e-08	1.5e-08
1.65e-07	1.5e-08	1.5e-08
1.75e-07	1.5e-08	1.5e-08
1.85e-07	1.5e-08	1.5e-08
1.95e-07	1.5e-08	1.5e-08
5e-09	2.5e-08	1.5e-08
1.5e-08	2.5e-08	1.5e-08
2.5e-08	2.5e-08	1.5e-08
3.5e-08	2.5e-08	1.5e-08
4.5e-08	2.5e-08	1.5e-08
5.5e-08	2.5e-08	1.5e-08
6.5e-08	2.5e-08	1.5e-08
7.5e-08	2.5e-08	1.5e-08
8.5e-08	2.5e-08	1.5e-08
9.5e-08	2.5e-08	1.5e-08
1.05e-07	2.5e-08	1.5e-08
1.15e-07	2.5e-08	1.5e-08
1.25e-07	2.5e-08	1.5e-08
1.35e-07	2.5e-08	1.5e-08
1.45e-07	2.5e-08	1.5e-08
1.55e-07	2.5e-08	1.5e-08
1.65e-07	2.5e-08	1.5e-08
1.75e-07	2.5e-08	1.5e-08
1.85e-07	2.5e-08	1.5e-08
1.95e-07	2.5e-08	1.5e-08
5e-09	3.5e-08	1.5e-08
1.5e-08	3.5e-08	1.5e-08
2.5e-08	3.5e-08	1.5e-08
3.5e-08	3.5e-08	1.5e-08
4.5e-08	3.5e-08	1.5e-08
5.5e-08	3.5e-08	1.5e-08
6.5e-08	3.5e-08	1.5e-08
7.5e-08	3.5e-08	1.5e-08
8.5e-08	3.5e-08	1.5e-08
9.5e-08	3.5e-08	1.5e-08
1.05e-07	3.5e-08	1.5e-08
1.15e-07	3.5e-08	1.5e-08
1.25e-07	3.5e-08	1.5e-08
1.35e-07	3.5e-08	1.5e-08
1.45e-07	3.5e-08	1.5e-08
1.55e-07	3.5e-08	1.5e-08
1.65e-07	3.5e-08	1.5e-08
1.75e-07	3.5e-08	1.5e-08
1.85e-07	3.5e-08	1.5e-08
1.95e-07	3.5e-08	1.5e-08
5e-09	4.5e-08	1.5e-08
1.5e-08	4.5e-08	1.5e-08
2.5e-08	4.5e-08	1.5e-08
3.5e-08	4.5e-08	1.5e-08
4.5e-08	4.5e-08	1.5e-08
5.5e-08	4.5e-08	1.5e-08
6.5e-08	4.5e-08	1.5e-08
7.5e-08	4.5e-08	1.5e-08
8.5e-08	4.5e-08	1.5e-08
9.5e-08	4.5e-08	1.5e-08
1.05e-07	4.5e-08	1.5e-08
1.15e-07	4.5e-08	1.5e-08
1.25e-07	4.5e-08	1.5e-08
1.35e-07	4.5e-08	1.5e-08
1.45e-07	4.5e-08	1.5e-08
1.55e-07	4.5e-08	1.5e-08
1.65e-07	4.5e-08	1.5e-08
1.75e-07	4.5e-08	1.5e-08
1.85e-07	4.5e-08	1.5e-08
1.95e-07	4.5e-08	1.5e-08
5e-09	5.5e-08	1.5e-08
1.5e-08	5.5e-08	1.5e-08
2.5e-08	5.5e-08	1.5e-08
3.5e-08	5.5e-08	1.5e-08
4.5e-08	5.5e-08	1.5e-08
5.5e-08	5.5e-08	1.5e-08
6.5e-08	5.5e-08	1.5e-08
7.5e-08	5.5e-08	1.5e-08
8.5e-08	5.5e-08	1.5e-08
9.5e-08	5.5e-08	1.5e-08
1.05e-07	5.5e-08	1.5e-08
1.15e-07	5.5e-08	1.5e-08
1.25e-07	5.5e-08	1.5e-08
1.35e-07	5.5e-08	1.5e-08
1.45e-07	5.5e-08	1.5e-08
1.55e-07	5.5e-08	1.5e-08
1.65e-07	5.5e-08	1.5e-08
1.75e-07	5.5e-08	1.5e-08
1.85e-07	5.5e-08	1.5e-08
1.95e-07	5.5e-08	1.5e-08
5e-09	6.5e-08	1.5e-08
1.5e-08	6.5e-08	1.5e-08
2.5e-08	6.5e-08	1.5e-08
3.5e-08	6.5e-08	1.5e-08
4.5e-08	6.5e-08	1.5e-08
5.5e-08	6.5e-08	1.5e-08
6.5e-08	6.5e-08	1.5e-08
7.5e-08	6.5e-08	1.5e-08
8.5e-08	6.5e-08	1.5e-08
9.5e-08	6.5e-08	1.5e-08
1.05e-07	6.5e-08	1.5e-08
1.15e-07	6.5e-08	1.5e-08
1.25e-07	6.5e-08	1.5e-08
1.35e-07	6.5e-08	1.5e-08
1.45e-07	6.5e-08	1.5e-08
1.55e-07	6.5e-08	1.5e-08
1.65e-07	6.5e-08	1.5e-08
1.75e-07	6.5e-08	1.5e-08
1.85e-07	6.5e-08	1.5e-08
1.95e-07	6.5e-08	1.5e-08
5e-09	7.5e-08	1.5e-08
1.5e-08	7.5e-08	1.5e-08
2.5e-08	7.5e-08	1.5e-08
3.5e-08	7.5e-08	1.5e-08
4.5e-08	7.5e-08	1.5e-08
5.5e-08	7.5e-08	1.5e-08
6.5e-08	7.5e-08	1.5e-08
7.5e-08	7.5e-08	1.5e-08
8.5e-08	7.5e-08	1.5e-08
9.5e-08	7.5e-08	1.5e-08
1.05e-07	7.5e-08	1.5e-08
1.15e-07	7.5e-08	1.5e-08
1.25e-07	7.5e-08	1.5e-08
1.35e-07	7.5e-08	1.5e-08
1.45e-07	7.5e-08	1.5e-08
1.55e-07	7.5e-08	1.5e-08
1.65e-07	7.5e-08	1.5e-08
1.75e-07	7.5e-08	1.5e-08
1.85e-07	7.5e-08	1.5e-08
1.95e-07	7.5e-08	1.5e-08
5e-09	8.5e-08	1.5e-08
1.5e-08	8.5e-08	1.5e-08
2.5e-08	8.5e-08	1.5e-08
3.5e-08	8.5e-08	1.5e-08
4.5e-08	8.5e-08	1.5e-08
5.5e-08	8.5e-08	1.5e-08
6.5e-08	8.5e-08	1.5e-08
7.5e-08	8.5e-08	1.5e-08
8.5e-08	8.5e-08	1.5e-08
9.5e-08	8.5e-08	1.5e-08
1.05e-07	8.5e-08	1.5e-08
1.15e-07	8.5e-08	1.5e-08
1.25e-07	8.5e-08	1.5e-08
1.35e-07	8.5e-08	1.5e-08
1.45e-07	8.5e-08	1.5e-08
1.55e-07	8.5e-08	1.5e-08
1.65e-07	8.5e-08	1.5e-08
1.75e-07	8.5e-08	1.5e-08
1.85e-07	8.5e-08	1.5e-08
1.95e-07	8.5e-08	1.5e-08
5e-09	9.5e-08	1.5e-08
1.5e-08	9.5e-08	1.5e-08
2.5e-08	9.5e-08	1.5e-08
3.5e-08	9.5e-08	1.5e-08
4.5e-08	9.5e-08	1.5e-08
5.5e-08	9.5e-08	1.5e-08
6.5e-08	9.5e-08	1.5e-08
7.5e-08	9.5e-08	1.5e-08
8.5e-08	9.5e-08	1.5e-08
9.5e-08	9.5e-08	1.5e-08
1.05e-07	9.5e-08	1.5e-08
1.15e-07	9.5e-08	1.5e-08
1.25e-07	9.5e-08	1.5e-08
1.35e-07	9.5e-08	1.5e-08
1.45e-07	9.5e-08	1.5e-08
1.55e-07	9.5e-08	1.5e-08
1.65e-07	9.5e-08	1.5e-08
1.75e-07	9.5e-08	1.5e-08
1.85e-07	9.5e-08	1.5e-08
1.95e-07	9.5e-08	1.5e-08
3.05e-07	5e-09	5e-09
3.15e-07	5e-09	5e-09
3.25e-07	5e-09	5e-09
3.35e-07	5e-09	5e-09
3.45e-07	5e-09	5e-09
3.55e-07	5e-09	5e-09
3.65e-07	5e-09	5e-09
3.75e-07	5e-09	5e-09
3.85e-07	5e-09	5e-09
3.95e-07	5e-09	5e-09
4.05e-07	5e-09	5e-09
4.15e-07	5e-09	5e-09
4.25e-07	5e-09	5e-09
4.35e-07	5e-09	5e-09
4.45e-07	5e-09	5e-09
4.55e-07	5e-09	5e-09
4.65e-07	5e-09	5e-09
4.75e-07	5e-09	5e-09
4.85e-07	5e-09	5e-09
4.95e-07	5e-09	5e-09
3.05e-07	1.5e-08	5e-09
3.15e-07	1.5e-08	5e-09
3.25e-07	1.5e-08	5e-09
3.35e-07	1.5e-08	5e-09
3.45e-07	1.5e-08	5e-09
3.55e-07	1.5e-08	5e-09
3.65e-07	1.5e-08	5e-09
3.75e-07	1.5e-08	5e-09
3.85e-07	1.5e-08	5e-09
3.95e-07	1.5e-08	5e-09
4.05e-07	1.5e-08	5e-09
4.15e-07	1.5e-08	5e-09
4.25e-07	1.5e-08	5e-09
4.35e-07	1.5e-08	5e-09
4.45e-07	1.5e-08	5e-09
4.55e-07	1.5e-08	5e-09
4.65e-07	1.5e-08	5e-09
4.75e-07	1.5e-08	5e-09
4.85e-07	1.5e-08	5e-09
4.95e-07	1.5e-08	5e-09
3.05e-07	2.5e-08	5e-09
3.15e-07	2.5e-08	5e-09
3.25e-07	2.5e-08	5e-09
3.35e-07	2.5e-08	5e-09
3.45e-07	2.5e-08	5e-09
3.55e-07	2.5e-08	5e-09
3.65e-07	2.5e-08	5e-09
3.75e-07	2.5e-08	5e-09
3.85e-07	2.5e-08	5e-09
3.95e-07	2.5e-08	5e-09
4.05e-07	2.5e-08	5e-09
4.15e-07	2.5e-08	5e-09
4.25e-07	2.5e-08	5e-09
4.35e-07	2.5e-08	5e-09
4.45e-07	2.5e-08	5e-09
4.55e-07	2.5e-08	5e-09
4.65e-07	2.5e-08	5e-09
4.75e-07	2.5e-08	5e-09
4.85e-07	2.5e-08	5e-09
4.95e-07	2.5e-08	5e-09
3.05e-07	3.5e-08	5e-09
3.15e-07	3.5e-08	5e-09
3.25e-07	3.5e-08	5e-09
3.35e-07	3.5e-08	5e-09
3.45e-07	3.5e-08	5e-09
3.55e-07	3.5e-08	5e-09
3.65e-07	3.5e-08	5e-09
3.75e-07	3.5e-08	5e-09
3.85e-07	3.5e-08	5e-09
3.95e-07	3.5e-08	5e-09
4.05e-07	3.5e-08	5e-09
4.15e-07	3.5e-08	5e-09
4.25e-07	3.5e-08	5e-09
4.35e-07	3.5e-08	5e-09
4.45e-07	3.5e-08	5e-09
4.55e-07	3.5e-08	5e-09
4.65e-07	3.5e-08	5e-09
4.75e-07	3.5e-08	5e-09
4.85e-07	3.5e-08	5e-09
4.95e-07	3.5e-08	5e-09
3.05e-07	4.5e-08	5e-09
3.15e-07	4.5e-08	5e-09
3.25e-07	4.5e-08	5e-09
3.35e-07	4.5e-08	5e-09
3.45e-07	4.5e-08	5e-09
3.55e-07	4.5e-08	5e-09
3.65e-07	4.5e-08	5e-09
3.75e-07	4.5e-08	5e-09
3.85e-07	4.5e-08	5e-09
3.95e-07	4.5e-08	5e-09
4.05e-07	4.5e-08	5e-09
4.15e-07	4.5e-08	5e-09
4.25e-07	4.5e-08	5e-09
4.35e-07	4.5e-08	5e-09
4.45e-07	4.5e-08	5e-09
4.55e-07	4.5e-08	5e-09
4.65e-07	4.5e-08	5e-09
4.75e-07	4.5e-08	5e-09
4.85e-07	4.5e-08	5e-09
4.95e-07	4.5e-08	5e-09
3.05e-07	5.5e-08	5e-09
3.15e-07	5.5e-08	5e-09
3.25e-07	5.5e-08	5e-09
3.35e-07	5.5e-08	5e-09
3.45e-07	5.5e-08	5e-09
3.55e-07	5.5e-08	5e-09
3.65e-07	5.5e-08	5e-09
3.75e-07	5.5e-08	5e-09
3.85e-07	5.5e-08	5e-09
3.95e-07	5.5e-08	5e-09
4.05e-07	5.5e-08	5e-09
4.15e-07	5.5e-08	5e-09
4.25e-07	5.5e-08	5e-09
4.35e-07	5.5e-08	5e-09
4.45e-07	5.5e-08	5e-09
4.55e-07	5.5e-08	5e-09
4.65e-07	5.5e-08	5e-09
4.75e-07	5.5e-08	5e-09
4.85e-07	5.5e-08	5e-09
4.95e-07	5.5e-08	5e-09
3.05e-07	6.5e-08	5e-09
3.15e-07	6.5e-08	5e-09
3.25e-07	6.5e-08	5e-09
3.35e-07	6.5e-08	5e-09
3.45e-07	6.5e-08	5e-09
3.55e-07	6.5e-08	5e-09
3.65e-07	6.5e-08	5e-09
3.75e-07	6.5e-08	5e-09
3.85e-07	6.5e-08	5e-09
3.95e-07	6.5e-08	5e-09
4.05e-07	6.5e-08	5e-09
4.15e-07	6.5e-08	5e-09
4.25e-07	6.5e-08	5e-09
4.35e-07	6.5e-08	5e-09
4.45e-07	6.5e-08	5e-09
4.55e-07	6.5e-08	5e-09
4.65e-07	6.5e-08	5e-09
4.75e-07	6.5e-08	5e-09
4.85e-07	6.5e-08	5e-09
4.95e-07	6.5e-08	5e-09
3.05e-07	7.5e-08	5e-09
3.15e-07	7.5e-08	5e-09
3.25e-07	7.5e-08	5e-09
3.35e-07	7.5e-08	5e-09
3.45e-07	7.5e-08	5e-09
3.55e-07	7.5e-08	5e-09
3.65e-07	7.5e-08	5e-09
3.75e-07	7.5e-08	5e-09
3.85e-07	7.5e-08	5e-09
3.95e-07	7.5e-08	5e-09
4.05e-07	7.5e-08	5e-09
4.15e-07	7.5e-08	5e-09
4.25e-07	7.5e-08	5e-09
4.35e-07	7.5e-08	5e-09
4.45e-07	7.5e-08	5e-09
4.55e-07	7.5e-08	5e-09
4.65e-07	7.5e-08	5e-09
4.75e-07	7.5e-08	5e-09
4.85e-07	7.5e-08	5e-09
4.95e-07	7.5e-08	5e-09
3.05e-07	8.5e-08	5e-09
3.15e-07	8.5e-08	5e-09
3.25e-07	8.5e-08	5e-09
3.35e-07	8.5e-08	5e-09
3.45e-07	8.5e-08	5e-09
3.55e-07	8.5e-08	5e-09
3.65e-07	8.5e-08	5e-09
3.75e-07	8.5e-08	5e-09
3.85e-07	8.5e-08	5e-09
3.95e-07	8.5e-08	5e-09
4.05e-07	8.5e-08	5e-09
4.15e-07	8.5e-08	5e-09
4.25e-07	8.5e-08	5e-09
4.35e-07	8.5e-08	5e-09
4.45e-07	8.5e-08	5e-09
4.55e-07	8.5e-08	5e-09
4.65e-07	8.5e-08	5e-09
4.75e-07	8.5e-08	5e-09
4.85e-07	8.5e-08	5e-09
4.95e-07	8.5e-08	5e-09
3.05e-07	9.5e-08	5e-09
3.15e-07	9.5e-08	5e-09
3.25e-07	9.5e-08	5e-09
3.35e-07	9.5e-08	5e-09
3.45e-07	9.5e-08	5e-09
3.55e-07	9.5e-08	5e-09
3.65e-07	9.5e-08	5e-09
3.75e-07	9.5e-08	5e-09
3.85e-07	9.5e-08	5e-09
3.95e-07	9.5e-08	5e-09
4.05e-07	9.5e-08	5e-09
4.15e-07	9.5e-08	5e-09
4.25e-07	9.5e-08	5e-09
4.35e-07	9.5e-08	5e-09
4.45e-07	9.5e-08	5e-09
4.55e-07	9.5e-08	5e-09
4.65e-07	9.5e-08	5e-09
4.75e-07	9.5e-08	5e-09
4.85e-07	9.5e-08	5e-09
4.95e-07	9.5e-08	5e-09
3.05e-07	5e-09	1.5e-08
3.15e-07	5e-09	1.5e-08
3.25e-07	5e-09	1.5e-08
3.35e-07	5e-09	1.5e-08
3.45e-07	5e-09	1.5e-08
3.55e-07	5e-09	1.5e-08
3.65e-07	5e-09	1.5e-08
3.75e-07	5e-09	1.5e-08
3.85e-07	5e-09	1.5e-08
3.95e-07	5e-09	1.5e-08
4.05e-07	5e-09	1.5e-08
4.15e-07	5e-09	1.5e-08
4.25e-07	5e-09	1.5e-08
4.35e-07	5e-09	1.5e-08
4.45e-07	5e-09	1.5e-08
4.55e-07	5e-09	1.5e-08
4.65e-07	5e-09	1.5e-08
4.75e-07	5e-09	1.5e-08
4.85e-07	5e-09	1.5e-08
4.95e-07	5e-09	1.5e-08
3.05e-07	1.5e-08	1.5e-08
3.15e-07	1.5e-08	1.5e-08
3.25e-07	1.5e-08	1.5e-08
3.35e-07	1.5e-08	1.5e-08
3.45e-07	1.5e-08	1.5e-08
3.55e-07	1.5e-08	1.5e-08
3.65e-07	1.5e-08	1.5e-08
3.75e-07	1.5e-08	1.5e-08
3.85e-07	1.5e-08	1.5e-08
3.95e-07	1.5e-08	1.5e-08
4.05e-07	1.5e-08	1.5e-08
4.15e-07	1.5e-08	1.5e-08
4.25e-07	1.5e-08	1.5e-08
4.35e-07	1.5e-08	1.5e-08
4.45e-07	1.5e-08	1.5e-08
4.55e-07	1.5e-08	1.5e-08
4.65e-07	1.5e-08	1.5e-08
4.75e-07	1.5e-08	1.5e-08
4.85e-07	1.5e-08	1.5e-08
4.95e-07	1.5e-08	1.5e-08
3.05e-07	2.5e-08	1.5e-08
3.15e-07	2.5e-08	1.5e-08
3.25e-07	2.5e-08	1.5e-08
3.35e-07	2.5e-08	1.5e-08
3.45e-07	2.5e-08	1.5e-08
3.55e-07	2.5e-08	1.5e-08
3.65e-07	2.5e-08	1.5e-08
3.75e-07	2.5e-08	1.5e-08
3.85e-07	2.5e-08	1.5e-08
3.95e-07	2.5e-08	1.5e-08
4.05e-07	2.5e-08	1.5e-08
4.15e-07	2.5e-08	1.5e-08
4.25e-07	2.5e-08	1.5e-08
4.35e-07	2.5e-08	1.5e-08
4.45e-07	2.5e-08	1.5e-08
4.55e-07	2.5e-08	1.5e-08
4.65e-07	2.5e-08	1.5e-08
4.75e-07	2.5e-08	1.5e-08
4.85e-07	2.5e-08	1.5e-08
4.95e-07	2.5e-08	1.5e-08
3.05e-07	3.5e-08	1.5e-08
3.15e-07	3.5e-08	1.5e-08
3.25e-07	3.5e-08	1.5e-08
3.35e-07	3.5e-08	1.5e-08
3.45e-07	3.5e-08	1.5e-08
3.55e-07	3.5e-08	1.5e-08
3.65e-07	3.5e-08	1.5e-08
3.75e-07	3.5e-08	1.5e-08
3.85e-07	3.5e-08	1.5e-08
3.95e-07	3.5e-08	1.5e-08
4.05e-07	3.5e-08	1.5e-08
4.15e-07	3.5e-08	1.5e-08
4.25e-07	3.5e-08	1.5e-08
4.35e-07	3.5e-08	1.5e-08
4.45e-07	3.5e-08	1.5e-08
4.55e-07	3.5e-08	1.5e-08
4.65e-07	3.5e-08	1.5e-08
4.75e-07	3.5e-08	1.5e-08
4.85e-07	3.5e-08	1.5e-08
4.95e-07	3.5e-08	1.5e-08
3.05e-07	4.5e-08	1.5e-08
3.15e-07	4.5e-08	1.5e-08
3.25e-07	4.5e-08	1.5e-08
3.35e-07	4.5e-08	1.5e-08
3.45e-07	4.5e-08	1.5e-08
3.55e-07	4.5e-08	1.5e-08
3.65e-07	4.5e-08	1.5e-08
3.75e-07	4.5e-08	1.5e-08
3.85e-07	4.5e-08	1.5e-08
3.95e-07	4.5e-08	1.5e-08
4.05e-07	4.5e-08	1.5e-08
4.15e-07	4.5e-08	1.5e-08
4.25e-07	4.5e-08	1.5e-08
4.35e-07	4.5e-08	1.5e-08
4.45e-07	4.5e-08	1.5e-08
4.55e-07	4.5e-08	1.5e-08
4.65e-07	4.5e-08	1.5e-08
4.75e-07	4.5e-08	1.5e-08
4.85e-07	4.5e-08	1.5e-08
4.95e-07	4.5e-08	1.5e-08
3.05e-07	5.5e-08	1.5e-08
3.15e-07	5.5e-08	1.5e-08
3.25e-07	5.5e-08	1.5e-08
3.35e-07	5.5e-08	1.5e-08
3.45e-07	5.5e-08	1.5e-08
3.55e-07	5.5e-08	1.5e-08
3.65e-07	5.5e-08	1.5e-08
3.75e-07	5.5e-08	1.5e-08
3.85e-07	5.5e-08	1.5e-08
3.95e-07	5.5e-08	1.5e-08
4.05e-07	5.5e-08	1.5e-08
4.15e-07	5.5e-08	1.5e-08
4.25e-07	5.5e-08	1.5e-08
4.35e-07	5.5e-08	1.5e-08
4.45e-07	5.5e-08	1.5e-08
4.55e-07	5.5e-08	1.5e-08
4.65e-07	5.5e-08	1.5e-08
4.75e-07	5.5e-08	1.5e-08
4.85e-07	5.5e-08	1.5e-08
4.95e-07	5.5e-08	1.5e-08
3.05e-07	6.5e-08	1.5e-08
3.15e-07	6.5e-08	1.5e-08
3.25e-07	6.5e-08	1.5e-08
3.35e-07	6.5e-08	1.5e-08
3.45e-07	6.5e-08	1.5e-08
3.55e-07	6.5e-08	1.5e-08
3.65e-07	6.5e-08	1.5e-08
3.75e-07	6.5e-08	1.5e-08
3.85e-07	6.5e-08	1.5e-08
3.95e-07	6.5e-08	1.5e-08
4.05e-07	6.5e-08	1.5e-08
4.15e-07	6.5e-08	1.5e-08
4.25e-07	6.5e-08	1.5e-08
4.35e-07	6.5e-08	1.5e-08
4.45e-07	6.5e-08	1.5e-08
4.55e-07	6.5e-08	1.5e-08
4.65e-07	6.5e-08	1.5e-08
4.75e-07	6.5e-08	1.5e-08
4.85e-07	6.5e-08	1.5e-08
4.95e-07	6.5e-08	1.5e-08
3.05e-07	7.5e-08	1.5e-08
3.15e-07	7.5e-08	1.5e-08
3.25e-07	7.5e-08	1.5e-08
3.35e-07	7.5e-08	1.5e-08
3.45e-07	7.5e-08	1.5e-08
3.55e-07	7.5e-08	1.5e-08
3.65e-07	7.5e-08	1.5e-08
3.75e-07	7.5e-08	1.5e-08
3.85e-07	7.5e-08	1.5e-08
3.95e-07	7.5e-08	1.5e-08
4.05e-07	7.5e-08	1.5e-08
4.15e-07	7.5e-08	1.5e-08
4.25e-07	7.5e-08	1.5e-08
4.35e-07	7.5e-08	1.5e-08
4.45e-07	7.5e-08	1.5e-08
4.55e-07	7.5e-08	1.5e-08
4.65e-07	7.5e-08	1.5e-08
4.75e-07	7.5e-08	1.5e-08
4.85e-07	7.5e-08	1.5e-08
4.95e-07	7.5e-08	1.5e-08
3.05e-07	8.5e-08	1.5e-08
3.15e-07	8.5e-08	1.5e-08
3.25e-07	8.5e-08	1.5e-08
3.35e-07	8.5e-08	1.5e-08
3.45e-07	8.5e-08	1.5e-08
3.55e-07	8.5e-08	1.5e-08
3.65e-07	8.5e-08	1.5e-08
3.75e-07	8.5e-08	1.5e-08
3.85e-07	8.5e-08	1.5e-08
3.95e-07	8.5e-08	1.5e-08
4.05e-07	8.5e-08	1.5e-08
4.15e-07	8.5e-08	1.5e-08
4.25e-07	8.5e-08	1.5e-08
4.35e-07	8.5e-08	1.5e-08
4.45e-07	8.5e-08	1.5e-08
4.55e-07	8.5e-08	1.5e-08
4.65e-07	8.5e-08	1.5e-08
4.75e-07	8.5e-08	1.5e-08
4.85e-07	8.5e-08	1.5e-08
4.95e-07	8.5e-08	1.5e-08
3.05e-07	9.5e-08	1.5e-08
3.15e-07	9.5e-08	1.5e-08
3.25e-07	9.5e-08	1.5e-08
3.35e-07	9.5e-08	1.5e-08
3.45e-07	9.5e-08	1.5e-08
3.55e-07	9.5e-08	1.5e-08
3.65e-07	9.5e-08	1.5e-08
3.75e-07	9.5e-08	1.5e-08
3.85e-07	9.5e-08	1.5e-08
3.95e-07	9.5e-08	1.5e-08
4.05e-07	9.5e-08	1.5e-08
4.15e-07	9.5e-08	1.5e-08
4.25e-07	9.5e-08	1.5e-08
4.35e-07	9.5e-08	1.5e-08
4.45e-07	9.5e-08	1.5e-08
4.55e-07	9.5e-08	1.5e-08
4.65e-07	9.5e-08	1.5e-08
4.75e-07	9.5e-08	1.5e-08
4.85e-07	9.5e-08	1.5e-08
4.95e-07	9.5e-08	1.5e-08
