4e-08	4e-08	4e-08
1.2e-07	4e-08	4e-08
2e-07	4e-08	4e-08
2.8e-07	4e-08	4e-08
3.6e-07	4e-08	4e-08
4e-08	1.23333333333333e-07	4e-08
1.2e-07	1.23333333333333e-07	4e-08
2e-07	1.23333333333333e-07	4e-08
2.8e-07	1.23333333333333e-07	4e-08
3.6e-07	1.23333333333333e-07	4e-08
4e-08	2.06666666666667e-07	4e-08
1.2e-07	2.06666666666667e-07	4e-08
2e-07	2.06666666666667e-07	4e-08
2.8e-07	2.06666666666667e-07	4e-08
3.6e-07	2.06666666666667e-07	4e-08
4e-08	2.9e-07	4e-08
1.2e-07	2.9e-07	4e-08
2e-07	2.9e-07	4e-08
2.8e-07	2.9e-07	4e-08
3.6e-07	2.9e-07	4e-08
4e-08	3.73333333333333e-07	4e-08
1.2e-07	3.73333333333333e-07	4e-08
2e-07	3.73333333333333e-07	4e-08
2.8e-07	3.73333333333333e-07	4e-08
3.6e-07	3.73333333333333e-07	4e-08
4e-08	4.56666666666667e-07	4e-08
1.2e-07	4.56666666666667e-07	4e-08
2e-07	4.56666666666667e-07	4e-08
2.8e-07	4.56666666666667e-07	4e-08
3.6e-07	4.56666666666667e-07	4e-08
4e-08	4e-08	1.23333333333333e-07
1.2e-07	4e-08	1.23333333333333e-07
2e-07	4e-08	1.23333333333333e-07
2.8e-07	4e-08	1.23333333333333e-07
3.6e-07	4e-08	1.23333333333333e-07
4e-08	1.23333333333333e-07	1.23333333333333e-07
1.2e-07	1.23333333333333e-07	1.23333333333333e-07
2e-07	1.23333333333333e-07	1.23333333333333e-07
2.8e-07	1.23333333333333e-07	1.23333333333333e-07
3.6e-07	1.23333333333333e-07	1.23333333333333e-07
4e-08	2.06666666666667e-07	1.23333333333333e-07
1.2e-07	2.06666666666667e-07	1.23333333333333e-07
2e-07	2.06666666666667e-07	1.23333333333333e-07
2.8e-07	2.06666666666667e-07	1.23333333333333e-07
3.6e-07	2.06666666666667e-07	1.23333333333333e-07
4e-08	2.9e-07	1.23333333333333e-07
1.2e-07	2.9e-07	1.23333333333333e-07
2e-07	2.9e-07	1.23333333333333e-07
2.8e-07	2.9e-07	1.23333333333333e-07
3.6e-07	2.9e-07	1.23333333333333e-07
4e-08	3.73333333333333e-07	1.23333333333333e-07
1.2e-07	3.73333333333333e-07	1.23333333333333e-07
2e-07	3.73333333333333e-07	1.23333333333333e-07
2.8e-07	3.73333333333333e-07	1.23333333333333e-07
3.6e-07	3.73333333333333e-07	1.23333333333333e-07
4e-08	4.56666666666667e-07	1.23333333333333e-07
1.2e-07	4.56666666666667e-07	1.23333333333333e-07
2e-07	4.56666666666667e-07	1.23333333333333e-07
2.8e-07	4.56666666666667e-07	1.23333333333333e-07
3.6e-07	4.56666666666667e-07	1.23333333333333e-07
4e-08	4e-08	2.06666666666667e-07
1.2e-07	4e-08	2.06666666666667e-07
2e-07	4e-08	2.06666666666667e-07
2.8e-07	4e-08	2.06666666666667e-07
3.6e-07	4e-08	2.06666666666667e-07
4e-08	1.23333333333333e-07	2.06666666666667e-07
1.2e-07	1.23333333333333e-07	2.06666666666667e-07
2e-07	1.23333333333333e-07	2.06666666666667e-07
2.8e-07	1.23333333333333e-07	2.06666666666667e-07
3.6e-07	1.23333333333333e-07	2.06666666666667e-07
4e-08	2.06666666666667e-07	2.06666666666667e-07
1.2e-07	2.06666666666667e-07	2.06666666666667e-07
2e-07	2.06666666666667e-07	2.06666666666667e-07
2.8e-07	2.06666666666667e-07	2.06666666666667e-07
3.6e-07	2.06666666666667e-07	2.06666666666667e-07
4e-08	2.9e-07	2.06666666666667e-07
1.2e-07	2.9e-07	2.06666666666667e-07
2e-07	2.9e-07	2.06666666666667e-07
2.8e-07	2.9e-07	2.06666666666667e-07
3.6e-07	2.9e-07	2.06666666666667e-07
4e-08	3.73333333333333e-07	2.06666666666667e-07
1.2e-07	3.73333333333333e-07	2.06666666666667e-07
2e-07	3.73333333333333e-07	2.06666666666667e-07
2.8e-07	3.73333333333333e-07	2.06666666666667e-07
3.6e-07	3.73333333333333e-07	2.06666666666667e-07
4e-08	4.56666666666667e-07	2.06666666666667e-07
1.2e-07	4.56666666666667e-07	2.06666666666667e-07
2e-07	4.56666666666667e-07	2.06666666666667e-07
2.8e-07	4.56666666666667e-07	2.06666666666667e-07
3.6e-07	4.56666666666667e-07	2.06666666666667e-07
4e-08	4e-08	2.9e-07
1.2e-07	4e-08	2.9e-07
2e-07	4e-08	2.9e-07
2.8e-07	4e-08	2.9e-07
3.6e-07	4e-08	2.9e-07
4e-08	1.23333333333333e-07	2.9e-07
1.2e-07	1.23333333333333e-07	2.9e-07
2e-07	1.23333333333333e-07	2.9e-07
2.8e-07	1.23333333333333e-07	2.9e-07
3.6e-07	1.23333333333333e-07	2.9e-07
4e-08	2.06666666666667e-07	2.9e-07
1.2e-07	2.06666666666667e-07	2.9e-07
2e-07	2.06666666666667e-07	2.9e-07
2.8e-07	2.06666666666667e-07	2.9e-07
3.6e-07	2.06666666666667e-07	2.9e-07
4e-08	2.9e-07	2.9e-07
1.2e-07	2.9e-07	2.9e-07
2e-07	2.9e-07	2.9e-07
2.8e-07	2.9e-07	2.9e-07
3.6e-07	2.9e-07	2.9e-07
4e-08	3.73333333333333e-07	2.9e-07
1.2e-07	3.73333333333333e-07	2.9e-07
2e-07	3.73333333333333e-07	2.9e-07
2.8e-07	3.73333333333333e-07	2.9e-07
3.6e-07	3.73333333333333e-07	2.9e-07
4e-08	4.56666666666667e-07	2.9e-07
1.2e-07	4.56666666666667e-07	2.9e-07
2e-07	4.56666666666667e-07	2.9e-07
2.8e-07	4.56666666666667e-07	2.9e-07
3.6e-07	4.56666666666667e-07	2.9e-07
4e-08	4e-08	3.73333333333333e-07
1.2e-07	4e-08	3.73333333333333e-07
2e-07	4e-08	3.73333333333333e-07
2.8e-07	4e-08	3.73333333333333e-07
3.6e-07	4e-08	3.73333333333333e-07
4e-08	1.23333333333333e-07	3.73333333333333e-07
1.2e-07	1.23333333333333e-07	3.73333333333333e-07
2e-07	1.23333333333333e-07	3.73333333333333e-07
2.8e-07	1.23333333333333e-07	3.73333333333333e-07
3.6e-07	1.23333333333333e-07	3.73333333333333e-07
4e-08	2.06666666666667e-07	3.73333333333333e-07
1.2e-07	2.06666666666667e-07	3.73333333333333e-07
2e-07	2.06666666666667e-07	3.73333333333333e-07
2.8e-07	2.06666666666667e-07	3.73333333333333e-07
3.6e-07	2.06666666666667e-07	3.73333333333333e-07
4e-08	2.9e-07	3.73333333333333e-07
1.2e-07	2.9e-07	3.73333333333333e-07
2e-07	2.9e-07	3.73333333333333e-07
2.8e-07	2.9e-07	3.73333333333333e-07
3.6e-07	2.9e-07	3.73333333333333e-07
4e-08	3.73333333333333e-07	3.73333333333333e-07
1.2e-07	3.73333333333333e-07	3.73333333333333e-07
2e-07	3.73333333333333e-07	3.73333333333333e-07
2.8e-07	3.73333333333333e-07	3.73333333333333e-07
3.6e-07	3.73333333333333e-07	3.73333333333333e-07
4e-08	4.56666666666667e-07	3.73333333333333e-07
1.2e-07	4.56666666666667e-07	3.73333333333333e-07
2e-07	4.56666666666667e-07	3.73333333333333e-07
2.8e-07	4.56666666666667e-07	3.73333333333333e-07
3.6e-07	4.56666666666667e-07	3.73333333333333e-07
4e-08	4e-08	4.56666666666667e-07
1.2e-07	4e-08	4.56666666666667e-07
2e-07	4e-08	4.56666666666667e-07
2.8e-07	4e-08	4.56666666666667e-07
3.6e-07	4e-08	4.56666666666667e-07
4e-08	1.23333333333333e-07	4.56666666666667e-07
1.2e-07	1.23333333333333e-07	4.56666666666667e-07
2e-07	1.23333333333333e-07	4.56666666666667e-07
2.8e-07	1.23333333333333e-07	4.56666666666667e-07
3.6e-07	1.23333333333333e-07	4.56666666666667e-07
4e-08	2.06666666666667e-07	4.56666666666667e-07
1.2e-07	2.06666666666667e-07	4.56666666666667e-07
2e-07	2.06666666666667e-07	4.56666666666667e-07
2.8e-07	2.06666666666667e-07	4.56666666666667e-07
3.6e-07	2.06666666666667e-07	4.56666666666667e-07
4e-08	2.9e-07	4.56666666666667e-07
1.2e-07	2.9e-07	4.56666666666667e-07
2e-07	2.9e-07	4.56666666666667e-07
2.8e-07	2.9e-07	4.56666666666667e-07
3.6e-07	2.9e-07	4.56666666666667e-07
4e-08	3.73333333333333e-07	4.56666666666667e-07
1.2e-07	3.73333333333333e-07	4.56666666666667e-07
2e-07	3.73333333333333e-07	4.56666666666667e-07
2.8e-07	3.73333333333333e-07	4.56666666666667e-07
3.6e-07	3.73333333333333e-07	4.56666666666667e-07
4e-08	4.56666666666667e-07	4.56666666666667e-07
1.2e-07	4.56666666666667e-07	4.56666666666667e-07
2e-07	4.56666666666667e-07	4.56666666666667e-07
2.8e-07	4.56666666666667e-07	4.56666666666667e-07
3.6e-07	4.56666666666667e-07	4.56666666666667e-07
4.25e-07	2.5e-08	2.5e-08
4.75e-07	2.5e-08	2.5e-08
4.25e-07	7.5e-08	2.5e-08
4.75e-07	7.5e-08	2.5e-08
4.25e-07	1.25e-07	2.5e-08
4.75e-07	1.25e-07	2.5e-08
4.25e-07	1.75e-07	2.5e-08
4.75e-07	1.75e-07	2.5e-08
4.25e-07	2.25e-07	2.5e-08
4.75e-07	2.25e-07	2.5e-08
4.25e-07	2.75e-07	2.5e-08
4.75e-07	2.75e-07	2.5e-08
4.25e-07	3.25e-07	2.5e-08
4.75e-07	3.25e-07	2.5e-08
4.25e-07	3.75e-07	2.5e-08
4.75e-07	3.75e-07	2.5e-08
4.25e-07	4.25e-07	2.5e-08
4.75e-07	4.25e-07	2.5e-08
4.25e-07	4.75e-07	2.5e-08
4.75e-07	4.75e-07	2.5e-08
4.25e-07	2.5e-08	7.5e-08
4.75e-07	2.5e-08	7.5e-08
4.25e-07	7.5e-08	7.5e-08
4.75e-07	7.5e-08	7.5e-08
4.25e-07	1.25e-07	7.5e-08
4.75e-07	1.25e-07	7.5e-08
4.25e-07	1.75e-07	7.5e-08
4.75e-07	1.75e-07	7.5e-08
4.25e-07	2.25e-07	7.5e-08
4.75e-07	2.25e-07	7.5e-08
4.25e-07	2.75e-07	7.5e-08
4.75e-07	2.75e-07	7.5e-08
4.25e-07	3.25e-07	7.5e-08
4.75e-07	3.25e-07	7.5e-08
4.25e-07	3.75e-07	7.5e-08
4.75e-07	3.75e-07	7.5e-08
4.25e-07	4.25e-07	7.5e-08
4.75e-07	4.25e-07	7.5e-08
4.25e-07	4.75e-07	7.5e-08
4.75e-07	4.75e-07	7.5e-08
4.25e-07	2.5e-08	1.25e-07
4.75e-07	2.5e-08	1.25e-07
4.25e-07	7.5e-08	1.25e-07
4.75e-07	7.5e-08	1.25e-07
4.25e-07	1.25e-07	1.25e-07
4.75e-07	1.25e-07	1.25e-07
4.25e-07	1.75e-07	1.25e-07
4.75e-07	1.75e-07	1.25e-07
4.25e-07	2.25e-07	1.25e-07
4.75e-07	2.25e-07	1.25e-07
4.25e-07	2.75e-07	1.25e-07
4.75e-07	2.75e-07	1.25e-07
4.25e-07	3.25e-07	1.25e-07
4.75e-07	3.25e-07	1.25e-07
4.25e-07	3.75e-07	1.25e-07
4.75e-07	3.75e-07	1.25e-07
4.25e-07	4.25e-07	1.25e-07
4.75e-07	4.25e-07	1.25e-07
4.25e-07	4.75e-07	1.25e-07
4.75e-07	4.75e-07	1.25e-07
4.25e-07	2.5e-08	1.75e-07
4.75e-07	2.5e-08	1.75e-07
4.25e-07	7.5e-08	1.75e-07
4.75e-07	7.5e-08	1.75e-07
4.25e-07	1.25e-07	1.75e-07
4.75e-07	1.25e-07	1.75e-07
4.25e-07	1.75e-07	1.75e-07
4.75e-07	1.75e-07	1.75e-07
4.25e-07	2.25e-07	1.75e-07
4.75e-07	2.25e-07	1.75e-07
4.25e-07	2.75e-07	1.75e-07
4.75e-07	2.75e-07	1.75e-07
4.25e-07	3.25e-07	1.75e-07
4.75e-07	3.25e-07	1.75e-07
4.25e-07	3.75e-07	1.75e-07
4.75e-07	3.75e-07	1.75e-07
4.25e-07	4.25e-07	1.75e-07
4.75e-07	4.25e-07	1.75e-07
4.25e-07	4.75e-07	1.75e-07
4.75e-07	4.75e-07	1.75e-07
4.25e-07	2.5e-08	2.25e-07
4.75e-07	2.5e-08	2.25e-07
4.25e-07	7.5e-08	2.25e-07
4.75e-07	7.5e-08	2.25e-07
4.25e-07	1.25e-07	2.25e-07
4.75e-07	1.25e-07	2.25e-07
4.25e-07	1.75e-07	2.25e-07
4.75e-07	1.75e-07	2.25e-07
4.25e-07	2.25e-07	2.25e-07
4.75e-07	2.25e-07	2.25e-07
4.25e-07	2.75e-07	2.25e-07
4.75e-07	2.75e-07	2.25e-07
4.25e-07	3.25e-07	2.25e-07
4.75e-07	3.25e-07	2.25e-07
4.25e-07	3.75e-07	2.25e-07
4.75e-07	3.75e-07	2.25e-07
4.25e-07	4.25e-07	2.25e-07
4.75e-07	4.25e-07	2.25e-07
4.25e-07	4.75e-07	2.25e-07
4.75e-07	4.75e-07	2.25e-07
4.25e-07	2.5e-08	2.75e-07
4.75e-07	2.5e-08	2.75e-07
4.25e-07	7.5e-08	2.75e-07
4.75e-07	7.5e-08	2.75e-07
4.25e-07	1.25e-07	2.75e-07
4.75e-07	1.25e-07	2.75e-07
4.25e-07	1.75e-07	2.75e-07
4.75e-07	1.75e-07	2.75e-07
4.25e-07	2.25e-07	2.75e-07
4.75e-07	2.25e-07	2.75e-07
4.25e-07	2.75e-07	2.75e-07
4.75e-07	2.75e-07	2.75e-07
4.25e-07	3.25e-07	2.75e-07
4.75e-07	3.25e-07	2.75e-07
4.25e-07	3.75e-07	2.75e-07
4.75e-07	3.75e-07	2.75e-07
4.25e-07	4.25e-07	2.75e-07
4.75e-07	4.25e-07	2.75e-07
4.25e-07	4.75e-07	2.75e-07
4.75e-07	4.75e-07	2.75e-07
4.25e-07	2.5e-08	3.25e-07
4.75e-07	2.5e-08	3.25e-07
4.25e-07	7.5e-08	3.25e-07
4.75e-07	7.5e-08	3.25e-07
4.25e-07	1.25e-07	3.25e-07
4.75e-07	1.25e-07	3.25e-07
4.25e-07	1.75e-07	3.25e-07
4.75e-07	1.75e-07	3.25e-07
4.25e-07	2.25e-07	3.25e-07
4.75e-07	2.25e-07	3.25e-07
4.25e-07	2.75e-07	3.25e-07
4.75e-07	2.75e-07	3.25e-07
4.25e-07	3.25e-07	3.25e-07
4.75e-07	3.25e-07	3.25e-07
4.25e-07	3.75e-07	3.25e-07
4.75e-07	3.75e-07	3.25e-07
4.25e-07	4.25e-07	3.25e-07
4.75e-07	4.25e-07	3.25e-07
4.25e-07	4.75e-07	3.25e-07
4.75e-07	4.75e-07	3.25e-07
4.25e-07	2.5e-08	3.75e-07
4.75e-07	2.5e-08	3.75e-07
4.25e-07	7.5e-08	3.75e-07
4.75e-07	7.5e-08	3.75e-07
4.25e-07	1.25e-07	3.75e-07
4.75e-07	1.25e-07	3.75e-07
4.25e-07	1.75e-07	3.75e-07
4.75e-07	1.75e-07	3.75e-07
4.25e-07	2.25e-07	3.75e-07
4.75e-07	2.25e-07	3.75e-07
4.25e-07	2.75e-07	3.75e-07
4.75e-07	2.75e-07	3.75e-07
4.25e-07	3.25e-07	3.75e-07
4.75e-07	3.25e-07	3.75e-07
4.25e-07	3.75e-07	3.75e-07
4.75e-07	3.75e-07	3.75e-07
4.25e-07	4.25e-07	3.75e-07
4.75e-07	4.25e-07	3.75e-07
4.25e-07	4.75e-07	3.75e-07
4.75e-07	4.75e-07	3.75e-07
4.25e-07	2.5e-08	4.25e-07
4.75e-07	2.5e-08	4.25e-07
4.25e-07	7.5e-08	4.25e-07
4.75e-07	7.5e-08	4.25e-07
4.25e-07	1.25e-07	4.25e-07
4.75e-07	1.25e-07	4.25e-07
4.25e-07	1.75e-07	4.25e-07
4.75e-07	1.75e-07	4.25e-07
4.25e-07	2.25e-07	4.25e-07
4.75e-07	2.25e-07	4.25e-07
4.25e-07	2.75e-07	4.25e-07
4.75e-07	2.75e-07	4.25e-07
4.25e-07	3.25e-07	4.25e-07
4.75e-07	3.25e-07	4.25e-07
4.25e-07	3.75e-07	4.25e-07
4.75e-07	3.75e-07	4.25e-07
4.25e-07	4.25e-07	4.25e-07
4.75e-07	4.25e-07	4.25e-07
4.25e-07	4.75e-07	4.25e-07
4.75e-07	4.75e-07	4.25e-07
4.25e-07	2.5e-08	4.75e-07
4.75e-07	2.5e-08	4.75e-07
4.25e-07	7.5e-08	4.75e-07
4.75e-07	7.5e-08	4.75e-07
4.25e-07	1.25e-07	4.75e-07
4.75e-07	1.25e-07	4.75e-07
4.25e-07	1.75e-07	4.75e-07
4.75e-07	1.75e-07	4.75e-07
4.25e-07	2.25e-07	4.75e-07
4.75e-07	2.25e-07	4.75e-07
4.25e-07	2.75e-07	4.75e-07
4.75e-07	2.75e-07	4.75e-07
4.25e-07	3.25e-07	4.75e-07
4.75e-07	3.25e-07	4.75e-07
4.25e-07	3.75e-07	4.75e-07
4.75e-07	3.75e-07	4.75e-07
4.25e-07	4.25e-07	4.75e-07
4.75e-07	4.25e-07	4.75e-07
4.25e-07	4.75e-07	4.75e-07
4.75e-07	4.75e-07	4.75e-07
1.025e-06	2.5e-08	2.5e-08
1.075e-06	2.5e-08	2.5e-08
1.025e-06	7.5e-08	2.5e-08
1.075e-06	7.5e-08	2.5e-08
1.025e-06	1.25e-07	2.5e-08
1.075e-06	1.25e-07	2.5e-08
1.025e-06	1.75e-07	2.5e-08
1.075e-06	1.75e-07	2.5e-08
1.025e-06	2.25e-07	2.5e-08
1.075e-06	2.25e-07	2.5e-08
1.025e-06	2.75e-07	2.5e-08
1.075e-06	2.75e-07	2.5e-08
1.025e-06	3.25e-07	2.5e-08
1.075e-06	3.25e-07	2.5e-08
1.025e-06	3.75e-07	2.5e-08
1.075e-06	3.75e-07	2.5e-08
1.025e-06	4.25e-07	2.5e-08
1.075e-06	4.25e-07	2.5e-08
1.025e-06	4.75e-07	2.5e-08
1.075e-06	4.75e-07	2.5e-08
1.025e-06	2.5e-08	7.5e-08
1.075e-06	2.5e-08	7.5e-08
1.025e-06	7.5e-08	7.5e-08
1.075e-06	7.5e-08	7.5e-08
1.025e-06	1.25e-07	7.5e-08
1.075e-06	1.25e-07	7.5e-08
1.025e-06	1.75e-07	7.5e-08
1.075e-06	1.75e-07	7.5e-08
1.025e-06	2.25e-07	7.5e-08
1.075e-06	2.25e-07	7.5e-08
1.025e-06	2.75e-07	7.5e-08
1.075e-06	2.75e-07	7.5e-08
1.025e-06	3.25e-07	7.5e-08
1.075e-06	3.25e-07	7.5e-08
1.025e-06	3.75e-07	7.5e-08
1.075e-06	3.75e-07	7.5e-08
1.025e-06	4.25e-07	7.5e-08
1.075e-06	4.25e-07	7.5e-08
1.025e-06	4.75e-07	7.5e-08
1.075e-06	4.75e-07	7.5e-08
1.025e-06	2.5e-08	1.25e-07
1.075e-06	2.5e-08	1.25e-07
1.025e-06	7.5e-08	1.25e-07
1.075e-06	7.5e-08	1.25e-07
1.025e-06	1.25e-07	1.25e-07
1.075e-06	1.25e-07	1.25e-07
1.025e-06	1.75e-07	1.25e-07
1.075e-06	1.75e-07	1.25e-07
1.025e-06	2.25e-07	1.25e-07
1.075e-06	2.25e-07	1.25e-07
1.025e-06	2.75e-07	1.25e-07
1.075e-06	2.75e-07	1.25e-07
1.025e-06	3.25e-07	1.25e-07
1.075e-06	3.25e-07	1.25e-07
1.025e-06	3.75e-07	1.25e-07
1.075e-06	3.75e-07	1.25e-07
1.025e-06	4.25e-07	1.25e-07
1.075e-06	4.25e-07	1.25e-07
1.025e-06	4.75e-07	1.25e-07
1.075e-06	4.75e-07	1.25e-07
1.025e-06	2.5e-08	1.75e-07
1.075e-06	2.5e-08	1.75e-07
1.025e-06	7.5e-08	1.75e-07
1.075e-06	7.5e-08	1.75e-07
1.025e-06	1.25e-07	1.75e-07
1.075e-06	1.25e-07	1.75e-07
1.025e-06	1.75e-07	1.75e-07
1.075e-06	1.75e-07	1.75e-07
1.025e-06	2.25e-07	1.75e-07
1.075e-06	2.25e-07	1.75e-07
1.025e-06	2.75e-07	1.75e-07
1.075e-06	2.75e-07	1.75e-07
1.025e-06	3.25e-07	1.75e-07
1.075e-06	3.25e-07	1.75e-07
1.025e-06	3.75e-07	1.75e-07
1.075e-06	3.75e-07	1.75e-07
1.025e-06	4.25e-07	1.75e-07
1.075e-06	4.25e-07	1.75e-07
1.025e-06	4.75e-07	1.75e-07
1.075e-06	4.75e-07	1.75e-07
1.025e-06	2.5e-08	2.25e-07
1.075e-06	2.5e-08	2.25e-07
1.025e-06	7.5e-08	2.25e-07
1.075e-06	7.5e-08	2.25e-07
1.025e-06	1.25e-07	2.25e-07
1.075e-06	1.25e-07	2.25e-07
1.025e-06	1.75e-07	2.25e-07
1.075e-06	1.75e-07	2.25e-07
1.025e-06	2.25e-07	2.25e-07
1.075e-06	2.25e-07	2.25e-07
1.025e-06	2.75e-07	2.25e-07
1.075e-06	2.75e-07	2.25e-07
1.025e-06	3.25e-07	2.25e-07
1.075e-06	3.25e-07	2.25e-07
1.025e-06	3.75e-07	2.25e-07
1.075e-06	3.75e-07	2.25e-07
1.025e-06	4.25e-07	2.25e-07
1.075e-06	4.25e-07	2.25e-07
1.025e-06	4.75e-07	2.25e-07
1.075e-06	4.75e-07	2.25e-07
1.025e-06	2.5e-08	2.75e-07
1.075e-06	2.5e-08	2.75e-07
1.025e-06	7.5e-08	2.75e-07
1.075e-06	7.5e-08	2.75e-07
1.025e-06	1.25e-07	2.75e-07
1.075e-06	1.25e-07	2.75e-07
1.025e-06	1.75e-07	2.75e-07
1.075e-06	1.75e-07	2.75e-07
1.025e-06	2.25e-07	2.75e-07
1.075e-06	2.25e-07	2.75e-07
1.025e-06	2.75e-07	2.75e-07
1.075e-06	2.75e-07	2.75e-07
1.025e-06	3.25e-07	2.75e-07
1.075e-06	3.25e-07	2.75e-07
1.025e-06	3.75e-07	2.75e-07
1.075e-06	3.75e-07	2.75e-07
1.025e-06	4.25e-07	2.75e-07
1.075e-06	4.25e-07	2.75e-07
1.025e-06	4.75e-07	2.75e-07
1.075e-06	4.75e-07	2.75e-07
1.025e-06	2.5e-08	3.25e-07
1.075e-06	2.5e-08	3.25e-07
1.025e-06	7.5e-08	3.25e-07
1.075e-06	7.5e-08	3.25e-07
1.025e-06	1.25e-07	3.25e-07
1.075e-06	1.25e-07	3.25e-07
1.025e-06	1.75e-07	3.25e-07
1.075e-06	1.75e-07	3.25e-07
1.025e-06	2.25e-07	3.25e-07
1.075e-06	2.25e-07	3.25e-07
1.025e-06	2.75e-07	3.25e-07
1.075e-06	2.75e-07	3.25e-07
1.025e-06	3.25e-07	3.25e-07
1.075e-06	3.25e-07	3.25e-07
1.025e-06	3.75e-07	3.25e-07
1.075e-06	3.75e-07	3.25e-07
1.025e-06	4.25e-07	3.25e-07
1.075e-06	4.25e-07	3.25e-07
1.025e-06	4.75e-07	3.25e-07
1.075e-06	4.75e-07	3.25e-07
1.025e-06	2.5e-08	3.75e-07
1.075e-06	2.5e-08	3.75e-07
1.025e-06	7.5e-08	3.75e-07
1.075e-06	7.5e-08	3.75e-07
1.025e-06	1.25e-07	3.75e-07
1.075e-06	1.25e-07	3.75e-07
1.025e-06	1.75e-07	3.75e-07
1.075e-06	1.75e-07	3.75e-07
1.025e-06	2.25e-07	3.75e-07
1.075e-06	2.25e-07	3.75e-07
1.025e-06	2.75e-07	3.75e-07
1.075e-06	2.75e-07	3.75e-07
1.025e-06	3.25e-07	3.75e-07
1.075e-06	3.25e-07	3.75e-07
1.025e-06	3.75e-07	3.75e-07
1.075e-06	3.75e-07	3.75e-07
1.025e-06	4.25e-07	3.75e-07
1.075e-06	4.25e-07	3.75e-07
1.025e-06	4.75e-07	3.75e-07
1.075e-06	4.75e-07	3.75e-07
1.025e-06	2.5e-08	4.25e-07
1.075e-06	2.5e-08	4.25e-07
1.025e-06	7.5e-08	4.25e-07
1.075e-06	7.5e-08	4.25e-07
1.025e-06	1.25e-07	4.25e-07
1.075e-06	1.25e-07	4.25e-07
1.025e-06	1.75e-07	4.25e-07
1.075e-06	1.75e-07	4.25e-07
1.025e-06	2.25e-07	4.25e-07
1.075e-06	2.25e-07	4.25e-07
1.025e-06	2.75e-07	4.25e-07
1.075e-06	2.75e-07	4.25e-07
1.025e-06	3.25e-07	4.25e-07
1.075e-06	3.25e-07	4.25e-07
1.025e-06	3.75e-07	4.25e-07
1.075e-06	3.75e-07	4.25e-07
1.025e-06	4.25e-07	4.25e-07
1.075e-06	4.25e-07	4.25e-07
1.025e-06	4.75e-07	4.25e-07
1.075e-06	4.75e-07	4.25e-07
1.025e-06	2.5e-08	4.75e-07
1.075e-06	2.5e-08	4.75e-07
1.025e-06	7.5e-08	4.75e-07
1.075e-06	7.5e-08	4.75e-07
1.025e-06	1.25e-07	4.75e-07
1.075e-06	1.25e-07	4.75e-07
1.025e-06	1.75e-07	4.75e-07
1.075e-06	1.75e-07	4.75e-07
1.025e-06	2.25e-07	4.75e-07
1.075e-06	2.25e-07	4.75e-07
1.025e-06	2.75e-07	4.75e-07
1.075e-06	2.75e-07	4.75e-07
1.025e-06	3.25e-07	4.75e-07
1.075e-06	3.25e-07	4.75e-07
1.025e-06	3.75e-07	4.75e-07
1.075e-06	3.75e-07	4.75e-07
1.025e-06	4.25e-07	4.75e-07
1.075e-06	4.25e-07	4.75e-07
1.025e-06	4.75e-07	4.75e-07
1.075e-06	4.75e-07	4.75e-07
1.14e-06	4e-08	4e-08
1.22e-06	4e-08	4e-08
1.3e-06	4e-08	4e-08
1.38e-06	4e-08	4e-08
1.46e-06	4e-08	4e-08
1.14e-06	1.23333333333333e-07	4e-08
1.22e-06	1.23333333333333e-07	4e-08
1.3e-06	1.23333333333333e-07	4e-08
1.38e-06	1.23333333333333e-07	4e-08
1.46e-06	1.23333333333333e-07	4e-08
1.14e-06	2.06666666666667e-07	4e-08
1.22e-06	2.06666666666667e-07	4e-08
1.3e-06	2.06666666666667e-07	4e-08
1.38e-06	2.06666666666667e-07	4e-08
1.46e-06	2.06666666666667e-07	4e-08
1.14e-06	2.9e-07	4e-08
1.22e-06	2.9e-07	4e-08
1.3e-06	2.9e-07	4e-08
1.38e-06	2.9e-07	4e-08
1.46e-06	2.9e-07	4e-08
1.14e-06	3.73333333333333e-07	4e-08
1.22e-06	3.73333333333333e-07	4e-08
1.3e-06	3.73333333333333e-07	4e-08
1.38e-06	3.73333333333333e-07	4e-08
1.46e-06	3.73333333333333e-07	4e-08
1.14e-06	4.56666666666667e-07	4e-08
1.22e-06	4.56666666666667e-07	4e-08
1.3e-06	4.56666666666667e-07	4e-08
1.38e-06	4.56666666666667e-07	4e-08
1.46e-06	4.56666666666667e-07	4e-08
1.14e-06	4e-08	1.23333333333333e-07
1.22e-06	4e-08	1.23333333333333e-07
1.3e-06	4e-08	1.23333333333333e-07
1.38e-06	4e-08	1.23333333333333e-07
1.46e-06	4e-08	1.23333333333333e-07
1.14e-06	1.23333333333333e-07	1.23333333333333e-07
1.22e-06	1.23333333333333e-07	1.23333333333333e-07
1.3e-06	1.23333333333333e-07	1.23333333333333e-07
1.38e-06	1.23333333333333e-07	1.23333333333333e-07
1.46e-06	1.23333333333333e-07	1.23333333333333e-07
1.14e-06	2.06666666666667e-07	1.23333333333333e-07
1.22e-06	2.06666666666667e-07	1.23333333333333e-07
1.3e-06	2.06666666666667e-07	1.23333333333333e-07
1.38e-06	2.06666666666667e-07	1.23333333333333e-07
1.46e-06	2.06666666666667e-07	1.23333333333333e-07
1.14e-06	2.9e-07	1.23333333333333e-07
1.22e-06	2.9e-07	1.23333333333333e-07
1.3e-06	2.9e-07	1.23333333333333e-07
1.38e-06	2.9e-07	1.23333333333333e-07
1.46e-06	2.9e-07	1.23333333333333e-07
1.14e-06	3.73333333333333e-07	1.23333333333333e-07
1.22e-06	3.73333333333333e-07	1.23333333333333e-07
1.3e-06	3.73333333333333e-07	1.23333333333333e-07
1.38e-06	3.73333333333333e-07	1.23333333333333e-07
1.46e-06	3.73333333333333e-07	1.23333333333333e-07
1.14e-06	4.56666666666667e-07	1.23333333333333e-07
1.22e-06	4.56666666666667e-07	1.23333333333333e-07
1.3e-06	4.56666666666667e-07	1.23333333333333e-07
1.38e-06	4.56666666666667e-07	1.23333333333333e-07
1.46e-06	4.56666666666667e-07	1.23333333333333e-07
1.14e-06	4e-08	2.06666666666667e-07
1.22e-06	4e-08	2.06666666666667e-07
1.3e-06	4e-08	2.06666666666667e-07
1.38e-06	4e-08	2.06666666666667e-07
1.46e-06	4e-08	2.06666666666667e-07
1.14e-06	1.23333333333333e-07	2.06666666666667e-07
1.22e-06	1.23333333333333e-07	2.06666666666667e-07
1.3e-06	1.23333333333333e-07	2.06666666666667e-07
1.38e-06	1.23333333333333e-07	2.06666666666667e-07
1.46e-06	1.23333333333333e-07	2.06666666666667e-07
1.14e-06	2.06666666666667e-07	2.06666666666667e-07
1.22e-06	2.06666666666667e-07	2.06666666666667e-07
1.3e-06	2.06666666666667e-07	2.06666666666667e-07
1.38e-06	2.06666666666667e-07	2.06666666666667e-07
1.46e-06	2.06666666666667e-07	2.06666666666667e-07
1.14e-06	2.9e-07	2.06666666666667e-07
1.22e-06	2.9e-07	2.06666666666667e-07
1.3e-06	2.9e-07	2.06666666666667e-07
1.38e-06	2.9e-07	2.06666666666667e-07
1.46e-06	2.9e-07	2.06666666666667e-07
1.14e-06	3.73333333333333e-07	2.06666666666667e-07
1.22e-06	3.73333333333333e-07	2.06666666666667e-07
1.3e-06	3.73333333333333e-07	2.06666666666667e-07
1.38e-06	3.73333333333333e-07	2.06666666666667e-07
1.46e-06	3.73333333333333e-07	2.06666666666667e-07
1.14e-06	4.56666666666667e-07	2.06666666666667e-07
1.22e-06	4.56666666666667e-07	2.06666666666667e-07
1.3e-06	4.56666666666667e-07	2.06666666666667e-07
1.38e-06	4.56666666666667e-07	2.06666666666667e-07
1.46e-06	4.56666666666667e-07	2.06666666666667e-07
1.14e-06	4e-08	2.9e-07
1.22e-06	4e-08	2.9e-07
1.3e-06	4e-08	2.9e-07
1.38e-06	4e-08	2.9e-07
1.46e-06	4e-08	2.9e-07
1.14e-06	1.23333333333333e-07	2.9e-07
1.22e-06	1.23333333333333e-07	2.9e-07
1.3e-06	1.23333333333333e-07	2.9e-07
1.38e-06	1.23333333333333e-07	2.9e-07
1.46e-06	1.23333333333333e-07	2.9e-07
1.14e-06	2.06666666666667e-07	2.9e-07
1.22e-06	2.06666666666667e-07	2.9e-07
1.3e-06	2.06666666666667e-07	2.9e-07
1.38e-06	2.06666666666667e-07	2.9e-07
1.46e-06	2.06666666666667e-07	2.9e-07
1.14e-06	2.9e-07	2.9e-07
1.22e-06	2.9e-07	2.9e-07
1.3e-06	2.9e-07	2.9e-07
1.38e-06	2.9e-07	2.9e-07
1.46e-06	2.9e-07	2.9e-07
1.14e-06	3.73333333333333e-07	2.9e-07
1.22e-06	3.73333333333333e-07	2.9e-07
1.3e-06	3.73333333333333e-07	2.9e-07
1.38e-06	3.73333333333333e-07	2.9e-07
1.46e-06	3.73333333333333e-07	2.9e-07
1.14e-06	4.56666666666667e-07	2.9e-07
1.22e-06	4.56666666666667e-07	2.9e-07
1.3e-06	4.56666666666667e-07	2.9e-07
1.38e-06	4.56666666666667e-07	2.9e-07
1.46e-06	4.56666666666667e-07	2.9e-07
1.14e-06	4e-08	3.73333333333333e-07
1.22e-06	4e-08	3.73333333333333e-07
1.3e-06	4e-08	3.73333333333333e-07
1.38e-06	4e-08	3.73333333333333e-07
1.46e-06	4e-08	3.73333333333333e-07
1.14e-06	1.23333333333333e-07	3.73333333333333e-07
1.22e-06	1.23333333333333e-07	3.73333333333333e-07
1.3e-06	1.23333333333333e-07	3.73333333333333e-07
1.38e-06	1.23333333333333e-07	3.73333333333333e-07
1.46e-06	1.23333333333333e-07	3.73333333333333e-07
1.14e-06	2.06666666666667e-07	3.73333333333333e-07
1.22e-06	2.06666666666667e-07	3.73333333333333e-07
1.3e-06	2.06666666666667e-07	3.73333333333333e-07
1.38e-06	2.06666666666667e-07	3.73333333333333e-07
1.46e-06	2.06666666666667e-07	3.73333333333333e-07
1.14e-06	2.9e-07	3.73333333333333e-07
1.22e-06	2.9e-07	3.73333333333333e-07
1.3e-06	2.9e-07	3.73333333333333e-07
1.38e-06	2.9e-07	3.73333333333333e-07
1.46e-06	2.9e-07	3.73333333333333e-07
1.14e-06	3.73333333333333e-07	3.73333333333333e-07
1.22e-06	3.73333333333333e-07	3.73333333333333e-07
1.3e-06	3.73333333333333e-07	3.73333333333333e-07
1.38e-06	3.73333333333333e-07	3.73333333333333e-07
1.46e-06	3.73333333333333e-07	3.73333333333333e-07
1.14e-06	4.56666666666667e-07	3.73333333333333e-07
1.22e-06	4.56666666666667e-07	3.73333333333333e-07
1.3e-06	4.56666666666667e-07	3.73333333333333e-07
1.38e-06	4.56666666666667e-07	3.73333333333333e-07
1.46e-06	4.56666666666667e-07	3.73333333333333e-07
1.14e-06	4e-08	4.56666666666667e-07
1.22e-06	4e-08	4.56666666666667e-07
1.3e-06	4e-08	4.56666666666667e-07
1.38e-06	4e-08	4.56666666666667e-07
1.46e-06	4e-08	4.56666666666667e-07
1.14e-06	1.23333333333333e-07	4.56666666666667e-07
1.22e-06	1.23333333333333e-07	4.56666666666667e-07
1.3e-06	1.23333333333333e-07	4.56666666666667e-07
1.38e-06	1.23333333333333e-07	4.56666666666667e-07
1.46e-06	1.23333333333333e-07	4.56666666666667e-07
1.14e-06	2.06666666666667e-07	4.56666666666667e-07
1.22e-06	2.06666666666667e-07	4.56666666666667e-07
1.3e-06	2.06666666666667e-07	4.56666666666667e-07
1.38e-06	2.06666666666667e-07	4.56666666666667e-07
1.46e-06	2.06666666666667e-07	4.56666666666667e-07
1.14e-06	2.9e-07	4.56666666666667e-07
1.22e-06	2.9e-07	4.56666666666667e-07
1.3e-06	2.9e-07	4.56666666666667e-07
1.38e-06	2.9e-07	4.56666666666667e-07
1.46e-06	2.9e-07	4.56666666666667e-07
1.14e-06	3.73333333333333e-07	4.56666666666667e-07
1.22e-06	3.73333333333333e-07	4.56666666666667e-07
1.3e-06	3.73333333333333e-07	4.56666666666667e-07
1.38e-06	3.73333333333333e-07	4.56666666666667e-07
1.46e-06	3.73333333333333e-07	4.56666666666667e-07
1.14e-06	4.56666666666667e-07	4.56666666666667e-07
1.22e-06	4.56666666666667e-07	4.56666666666667e-07
1.3e-06	4.56666666666667e-07	4.56666666666667e-07
1.38e-06	4.56666666666667e-07	4.56666666666667e-07
1.46e-06	4.56666666666667e-07	4.56666666666667e-07
