5e-09	5e-09	5e-09
1.5e-08	5e-09	5e-09
2.5e-08	5e-09	5e-09
3.5e-08	5e-09	5e-09
4.5e-08	5e-09	5e-09
5.5e-08	5e-09	5e-09
6.5e-08	5e-09	5e-09
7.5e-08	5e-09	5e-09
8.5e-08	5e-09	5e-09
9.5e-08	5e-09	5e-09
1.05e-07	5e-09	5e-09
1.15e-07	5e-09	5e-09
1.25e-07	5e-09	5e-09
1.35e-07	5e-09	5e-09
1.45e-07	5e-09	5e-09
1.55e-07	5e-09	5e-09
1.65e-07	5e-09	5e-09
1.75e-07	5e-09	5e-09
1.85e-07	5e-09	5e-09
1.95e-07	5e-09	5e-09
2.05e-07	5e-09	5e-09
2.15e-07	5e-09	5e-09
2.25e-07	5e-09	5e-09
2.35e-07	5e-09	5e-09
2.45e-07	5e-09	5e-09
2.55e-07	5e-09	5e-09
2.65e-07	5e-09	5e-09
2.75e-07	5e-09	5e-09
2.85e-07	5e-09	5e-09
2.95e-07	5e-09	5e-09
3.05e-07	5e-09	5e-09
3.15e-07	5e-09	5e-09
3.25e-07	5e-09	5e-09
3.35e-07	5e-09	5e-09
3.45e-07	5e-09	5e-09
3.55e-07	5e-09	5e-09
3.65e-07	5e-09	5e-09
3.75e-07	5e-09	5e-09
3.85e-07	5e-09	5e-09
3.95e-07	5e-09	5e-09
4.05e-07	5e-09	5e-09
4.15e-07	5e-09	5e-09
4.25e-07	5e-09	5e-09
4.35e-07	5e-09	5e-09
4.45e-07	5e-09	5e-09
4.55e-07	5e-09	5e-09
4.65e-07	5e-09	5e-09
4.75e-07	5e-09	5e-09
4.85e-07	5e-09	5e-09
4.95e-07	5e-09	5e-09
5.05e-07	5e-09	5e-09
5.15e-07	5e-09	5e-09
5.25e-07	5e-09	5e-09
5.35e-07	5e-09	5e-09
5.45e-07	5e-09	5e-09
5.55e-07	5e-09	5e-09
5.65e-07	5e-09	5e-09
5.75e-07	5e-09	5e-09
5.85e-07	5e-09	5e-09
5.95e-07	5e-09	5e-09
6.05e-07	5e-09	5e-09
6.15e-07	5e-09	5e-09
6.25e-07	5e-09	5e-09
6.35e-07	5e-09	5e-09
6.45e-07	5e-09	5e-09
6.55e-07	5e-09	5e-09
6.65e-07	5e-09	5e-09
6.75e-07	5e-09	5e-09
6.85e-07	5e-09	5e-09
6.95e-07	5e-09	5e-09
7.05e-07	5e-09	5e-09
7.15e-07	5e-09	5e-09
7.25e-07	5e-09	5e-09
7.35e-07	5e-09	5e-09
7.45e-07	5e-09	5e-09
7.55e-07	5e-09	5e-09
7.65e-07	5e-09	5e-09
7.75e-07	5e-09	5e-09
7.85e-07	5e-09	5e-09
7.95e-07	5e-09	5e-09
8.05e-07	5e-09	5e-09
8.15e-07	5e-09	5e-09
8.25e-07	5e-09	5e-09
8.35e-07	5e-09	5e-09
8.45e-07	5e-09	5e-09
8.55e-07	5e-09	5e-09
8.65e-07	5e-09	5e-09
8.75e-07	5e-09	5e-09
8.85e-07	5e-09	5e-09
8.95e-07	5e-09	5e-09
9.05e-07	5e-09	5e-09
9.15e-07	5e-09	5e-09
9.25e-07	5e-09	5e-09
9.35e-07	5e-09	5e-09
9.45e-07	5e-09	5e-09
9.55e-07	5e-09	5e-09
9.65e-07	5e-09	5e-09
9.75e-07	5e-09	5e-09
9.85e-07	5e-09	5e-09
9.95e-07	5e-09	5e-09
5e-09	1.5e-08	5e-09
1.5e-08	1.5e-08	5e-09
2.5e-08	1.5e-08	5e-09
3.5e-08	1.5e-08	5e-09
4.5e-08	1.5e-08	5e-09
5.5e-08	1.5e-08	5e-09
6.5e-08	1.5e-08	5e-09
7.5e-08	1.5e-08	5e-09
8.5e-08	1.5e-08	5e-09
9.5e-08	1.5e-08	5e-09
1.05e-07	1.5e-08	5e-09
1.15e-07	1.5e-08	5e-09
1.25e-07	1.5e-08	5e-09
1.35e-07	1.5e-08	5e-09
1.45e-07	1.5e-08	5e-09
1.55e-07	1.5e-08	5e-09
1.65e-07	1.5e-08	5e-09
1.75e-07	1.5e-08	5e-09
1.85e-07	1.5e-08	5e-09
1.95e-07	1.5e-08	5e-09
2.05e-07	1.5e-08	5e-09
2.15e-07	1.5e-08	5e-09
2.25e-07	1.5e-08	5e-09
2.35e-07	1.5e-08	5e-09
2.45e-07	1.5e-08	5e-09
2.55e-07	1.5e-08	5e-09
2.65e-07	1.5e-08	5e-09
2.75e-07	1.5e-08	5e-09
2.85e-07	1.5e-08	5e-09
2.95e-07	1.5e-08	5e-09
3.05e-07	1.5e-08	5e-09
3.15e-07	1.5e-08	5e-09
3.25e-07	1.5e-08	5e-09
3.35e-07	1.5e-08	5e-09
3.45e-07	1.5e-08	5e-09
3.55e-07	1.5e-08	5e-09
3.65e-07	1.5e-08	5e-09
3.75e-07	1.5e-08	5e-09
3.85e-07	1.5e-08	5e-09
3.95e-07	1.5e-08	5e-09
4.05e-07	1.5e-08	5e-09
4.15e-07	1.5e-08	5e-09
4.25e-07	1.5e-08	5e-09
4.35e-07	1.5e-08	5e-09
4.45e-07	1.5e-08	5e-09
4.55e-07	1.5e-08	5e-09
4.65e-07	1.5e-08	5e-09
4.75e-07	1.5e-08	5e-09
4.85e-07	1.5e-08	5e-09
4.95e-07	1.5e-08	5e-09
5.05e-07	1.5e-08	5e-09
5.15e-07	1.5e-08	5e-09
5.25e-07	1.5e-08	5e-09
5.35e-07	1.5e-08	5e-09
5.45e-07	1.5e-08	5e-09
5.55e-07	1.5e-08	5e-09
5.65e-07	1.5e-08	5e-09
5.75e-07	1.5e-08	5e-09
5.85e-07	1.5e-08	5e-09
5.95e-07	1.5e-08	5e-09
6.05e-07	1.5e-08	5e-09
6.15e-07	1.5e-08	5e-09
6.25e-07	1.5e-08	5e-09
6.35e-07	1.5e-08	5e-09
6.45e-07	1.5e-08	5e-09
6.55e-07	1.5e-08	5e-09
6.65e-07	1.5e-08	5e-09
6.75e-07	1.5e-08	5e-09
6.85e-07	1.5e-08	5e-09
6.95e-07	1.5e-08	5e-09
7.05e-07	1.5e-08	5e-09
7.15e-07	1.5e-08	5e-09
7.25e-07	1.5e-08	5e-09
7.35e-07	1.5e-08	5e-09
7.45e-07	1.5e-08	5e-09
7.55e-07	1.5e-08	5e-09
7.65e-07	1.5e-08	5e-09
7.75e-07	1.5e-08	5e-09
7.85e-07	1.5e-08	5e-09
7.95e-07	1.5e-08	5e-09
8.05e-07	1.5e-08	5e-09
8.15e-07	1.5e-08	5e-09
8.25e-07	1.5e-08	5e-09
8.35e-07	1.5e-08	5e-09
8.45e-07	1.5e-08	5e-09
8.55e-07	1.5e-08	5e-09
8.65e-07	1.5e-08	5e-09
8.75e-07	1.5e-08	5e-09
8.85e-07	1.5e-08	5e-09
8.95e-07	1.5e-08	5e-09
9.05e-07	1.5e-08	5e-09
9.15e-07	1.5e-08	5e-09
9.25e-07	1.5e-08	5e-09
9.35e-07	1.5e-08	5e-09
9.45e-07	1.5e-08	5e-09
9.55e-07	1.5e-08	5e-09
9.65e-07	1.5e-08	5e-09
9.75e-07	1.5e-08	5e-09
9.85e-07	1.5e-08	5e-09
9.95e-07	1.5e-08	5e-09
5e-09	2.5e-08	5e-09
1.5e-08	2.5e-08	5e-09
2.5e-08	2.5e-08	5e-09
3.5e-08	2.5e-08	5e-09
4.5e-08	2.5e-08	5e-09
5.5e-08	2.5e-08	5e-09
6.5e-08	2.5e-08	5e-09
7.5e-08	2.5e-08	5e-09
8.5e-08	2.5e-08	5e-09
9.5e-08	2.5e-08	5e-09
1.05e-07	2.5e-08	5e-09
1.15e-07	2.5e-08	5e-09
1.25e-07	2.5e-08	5e-09
1.35e-07	2.5e-08	5e-09
1.45e-07	2.5e-08	5e-09
1.55e-07	2.5e-08	5e-09
1.65e-07	2.5e-08	5e-09
1.75e-07	2.5e-08	5e-09
1.85e-07	2.5e-08	5e-09
1.95e-07	2.5e-08	5e-09
2.05e-07	2.5e-08	5e-09
2.15e-07	2.5e-08	5e-09
2.25e-07	2.5e-08	5e-09
2.35e-07	2.5e-08	5e-09
2.45e-07	2.5e-08	5e-09
2.55e-07	2.5e-08	5e-09
2.65e-07	2.5e-08	5e-09
2.75e-07	2.5e-08	5e-09
2.85e-07	2.5e-08	5e-09
2.95e-07	2.5e-08	5e-09
3.05e-07	2.5e-08	5e-09
3.15e-07	2.5e-08	5e-09
3.25e-07	2.5e-08	5e-09
3.35e-07	2.5e-08	5e-09
3.45e-07	2.5e-08	5e-09
3.55e-07	2.5e-08	5e-09
3.65e-07	2.5e-08	5e-09
3.75e-07	2.5e-08	5e-09
3.85e-07	2.5e-08	5e-09
3.95e-07	2.5e-08	5e-09
4.05e-07	2.5e-08	5e-09
4.15e-07	2.5e-08	5e-09
4.25e-07	2.5e-08	5e-09
4.35e-07	2.5e-08	5e-09
4.45e-07	2.5e-08	5e-09
4.55e-07	2.5e-08	5e-09
4.65e-07	2.5e-08	5e-09
4.75e-07	2.5e-08	5e-09
4.85e-07	2.5e-08	5e-09
4.95e-07	2.5e-08	5e-09
5.05e-07	2.5e-08	5e-09
5.15e-07	2.5e-08	5e-09
5.25e-07	2.5e-08	5e-09
5.35e-07	2.5e-08	5e-09
5.45e-07	2.5e-08	5e-09
5.55e-07	2.5e-08	5e-09
5.65e-07	2.5e-08	5e-09
5.75e-07	2.5e-08	5e-09
5.85e-07	2.5e-08	5e-09
5.95e-07	2.5e-08	5e-09
6.05e-07	2.5e-08	5e-09
6.15e-07	2.5e-08	5e-09
6.25e-07	2.5e-08	5e-09
6.35e-07	2.5e-08	5e-09
6.45e-07	2.5e-08	5e-09
6.55e-07	2.5e-08	5e-09
6.65e-07	2.5e-08	5e-09
6.75e-07	2.5e-08	5e-09
6.85e-07	2.5e-08	5e-09
6.95e-07	2.5e-08	5e-09
7.05e-07	2.5e-08	5e-09
7.15e-07	2.5e-08	5e-09
7.25e-07	2.5e-08	5e-09
7.35e-07	2.5e-08	5e-09
7.45e-07	2.5e-08	5e-09
7.55e-07	2.5e-08	5e-09
7.65e-07	2.5e-08	5e-09
7.75e-07	2.5e-08	5e-09
7.85e-07	2.5e-08	5e-09
7.95e-07	2.5e-08	5e-09
8.05e-07	2.5e-08	5e-09
8.15e-07	2.5e-08	5e-09
8.25e-07	2.5e-08	5e-09
8.35e-07	2.5e-08	5e-09
8.45e-07	2.5e-08	5e-09
8.55e-07	2.5e-08	5e-09
8.65e-07	2.5e-08	5e-09
8.75e-07	2.5e-08	5e-09
8.85e-07	2.5e-08	5e-09
8.95e-07	2.5e-08	5e-09
9.05e-07	2.5e-08	5e-09
9.15e-07	2.5e-08	5e-09
9.25e-07	2.5e-08	5e-09
9.35e-07	2.5e-08	5e-09
9.45e-07	2.5e-08	5e-09
9.55e-07	2.5e-08	5e-09
9.65e-07	2.5e-08	5e-09
9.75e-07	2.5e-08	5e-09
9.85e-07	2.5e-08	5e-09
9.95e-07	2.5e-08	5e-09
5e-09	3.5e-08	5e-09
1.5e-08	3.5e-08	5e-09
2.5e-08	3.5e-08	5e-09
3.5e-08	3.5e-08	5e-09
4.5e-08	3.5e-08	5e-09
5.5e-08	3.5e-08	5e-09
6.5e-08	3.5e-08	5e-09
7.5e-08	3.5e-08	5e-09
8.5e-08	3.5e-08	5e-09
9.5e-08	3.5e-08	5e-09
1.05e-07	3.5e-08	5e-09
1.15e-07	3.5e-08	5e-09
1.25e-07	3.5e-08	5e-09
1.35e-07	3.5e-08	5e-09
1.45e-07	3.5e-08	5e-09
1.55e-07	3.5e-08	5e-09
1.65e-07	3.5e-08	5e-09
1.75e-07	3.5e-08	5e-09
1.85e-07	3.5e-08	5e-09
1.95e-07	3.5e-08	5e-09
2.05e-07	3.5e-08	5e-09
2.15e-07	3.5e-08	5e-09
2.25e-07	3.5e-08	5e-09
2.35e-07	3.5e-08	5e-09
2.45e-07	3.5e-08	5e-09
2.55e-07	3.5e-08	5e-09
2.65e-07	3.5e-08	5e-09
2.75e-07	3.5e-08	5e-09
2.85e-07	3.5e-08	5e-09
2.95e-07	3.5e-08	5e-09
3.05e-07	3.5e-08	5e-09
3.15e-07	3.5e-08	5e-09
3.25e-07	3.5e-08	5e-09
3.35e-07	3.5e-08	5e-09
3.45e-07	3.5e-08	5e-09
3.55e-07	3.5e-08	5e-09
3.65e-07	3.5e-08	5e-09
3.75e-07	3.5e-08	5e-09
3.85e-07	3.5e-08	5e-09
3.95e-07	3.5e-08	5e-09
4.05e-07	3.5e-08	5e-09
4.15e-07	3.5e-08	5e-09
4.25e-07	3.5e-08	5e-09
4.35e-07	3.5e-08	5e-09
4.45e-07	3.5e-08	5e-09
4.55e-07	3.5e-08	5e-09
4.65e-07	3.5e-08	5e-09
4.75e-07	3.5e-08	5e-09
4.85e-07	3.5e-08	5e-09
4.95e-07	3.5e-08	5e-09
5.05e-07	3.5e-08	5e-09
5.15e-07	3.5e-08	5e-09
5.25e-07	3.5e-08	5e-09
5.35e-07	3.5e-08	5e-09
5.45e-07	3.5e-08	5e-09
5.55e-07	3.5e-08	5e-09
5.65e-07	3.5e-08	5e-09
5.75e-07	3.5e-08	5e-09
5.85e-07	3.5e-08	5e-09
5.95e-07	3.5e-08	5e-09
6.05e-07	3.5e-08	5e-09
6.15e-07	3.5e-08	5e-09
6.25e-07	3.5e-08	5e-09
6.35e-07	3.5e-08	5e-09
6.45e-07	3.5e-08	5e-09
6.55e-07	3.5e-08	5e-09
6.65e-07	3.5e-08	5e-09
6.75e-07	3.5e-08	5e-09
6.85e-07	3.5e-08	5e-09
6.95e-07	3.5e-08	5e-09
7.05e-07	3.5e-08	5e-09
7.15e-07	3.5e-08	5e-09
7.25e-07	3.5e-08	5e-09
7.35e-07	3.5e-08	5e-09
7.45e-07	3.5e-08	5e-09
7.55e-07	3.5e-08	5e-09
7.65e-07	3.5e-08	5e-09
7.75e-07	3.5e-08	5e-09
7.85e-07	3.5e-08	5e-09
7.95e-07	3.5e-08	5e-09
8.05e-07	3.5e-08	5e-09
8.15e-07	3.5e-08	5e-09
8.25e-07	3.5e-08	5e-09
8.35e-07	3.5e-08	5e-09
8.45e-07	3.5e-08	5e-09
8.55e-07	3.5e-08	5e-09
8.65e-07	3.5e-08	5e-09
8.75e-07	3.5e-08	5e-09
8.85e-07	3.5e-08	5e-09
8.95e-07	3.5e-08	5e-09
9.05e-07	3.5e-08	5e-09
9.15e-07	3.5e-08	5e-09
9.25e-07	3.5e-08	5e-09
9.35e-07	3.5e-08	5e-09
9.45e-07	3.5e-08	5e-09
9.55e-07	3.5e-08	5e-09
9.65e-07	3.5e-08	5e-09
9.75e-07	3.5e-08	5e-09
9.85e-07	3.5e-08	5e-09
9.95e-07	3.5e-08	5e-09
5e-09	4.5e-08	5e-09
1.5e-08	4.5e-08	5e-09
2.5e-08	4.5e-08	5e-09
3.5e-08	4.5e-08	5e-09
4.5e-08	4.5e-08	5e-09
5.5e-08	4.5e-08	5e-09
6.5e-08	4.5e-08	5e-09
7.5e-08	4.5e-08	5e-09
8.5e-08	4.5e-08	5e-09
9.5e-08	4.5e-08	5e-09
1.05e-07	4.5e-08	5e-09
1.15e-07	4.5e-08	5e-09
1.25e-07	4.5e-08	5e-09
1.35e-07	4.5e-08	5e-09
1.45e-07	4.5e-08	5e-09
1.55e-07	4.5e-08	5e-09
1.65e-07	4.5e-08	5e-09
1.75e-07	4.5e-08	5e-09
1.85e-07	4.5e-08	5e-09
1.95e-07	4.5e-08	5e-09
2.05e-07	4.5e-08	5e-09
2.15e-07	4.5e-08	5e-09
2.25e-07	4.5e-08	5e-09
2.35e-07	4.5e-08	5e-09
2.45e-07	4.5e-08	5e-09
2.55e-07	4.5e-08	5e-09
2.65e-07	4.5e-08	5e-09
2.75e-07	4.5e-08	5e-09
2.85e-07	4.5e-08	5e-09
2.95e-07	4.5e-08	5e-09
3.05e-07	4.5e-08	5e-09
3.15e-07	4.5e-08	5e-09
3.25e-07	4.5e-08	5e-09
3.35e-07	4.5e-08	5e-09
3.45e-07	4.5e-08	5e-09
3.55e-07	4.5e-08	5e-09
3.65e-07	4.5e-08	5e-09
3.75e-07	4.5e-08	5e-09
3.85e-07	4.5e-08	5e-09
3.95e-07	4.5e-08	5e-09
4.05e-07	4.5e-08	5e-09
4.15e-07	4.5e-08	5e-09
4.25e-07	4.5e-08	5e-09
4.35e-07	4.5e-08	5e-09
4.45e-07	4.5e-08	5e-09
4.55e-07	4.5e-08	5e-09
4.65e-07	4.5e-08	5e-09
4.75e-07	4.5e-08	5e-09
4.85e-07	4.5e-08	5e-09
4.95e-07	4.5e-08	5e-09
5.05e-07	4.5e-08	5e-09
5.15e-07	4.5e-08	5e-09
5.25e-07	4.5e-08	5e-09
5.35e-07	4.5e-08	5e-09
5.45e-07	4.5e-08	5e-09
5.55e-07	4.5e-08	5e-09
5.65e-07	4.5e-08	5e-09
5.75e-07	4.5e-08	5e-09
5.85e-07	4.5e-08	5e-09
5.95e-07	4.5e-08	5e-09
6.05e-07	4.5e-08	5e-09
6.15e-07	4.5e-08	5e-09
6.25e-07	4.5e-08	5e-09
6.35e-07	4.5e-08	5e-09
6.45e-07	4.5e-08	5e-09
6.55e-07	4.5e-08	5e-09
6.65e-07	4.5e-08	5e-09
6.75e-07	4.5e-08	5e-09
6.85e-07	4.5e-08	5e-09
6.95e-07	4.5e-08	5e-09
7.05e-07	4.5e-08	5e-09
7.15e-07	4.5e-08	5e-09
7.25e-07	4.5e-08	5e-09
7.35e-07	4.5e-08	5e-09
7.45e-07	4.5e-08	5e-09
7.55e-07	4.5e-08	5e-09
7.65e-07	4.5e-08	5e-09
7.75e-07	4.5e-08	5e-09
7.85e-07	4.5e-08	5e-09
7.95e-07	4.5e-08	5e-09
8.05e-07	4.5e-08	5e-09
8.15e-07	4.5e-08	5e-09
8.25e-07	4.5e-08	5e-09
8.35e-07	4.5e-08	5e-09
8.45e-07	4.5e-08	5e-09
8.55e-07	4.5e-08	5e-09
8.65e-07	4.5e-08	5e-09
8.75e-07	4.5e-08	5e-09
8.85e-07	4.5e-08	5e-09
8.95e-07	4.5e-08	5e-09
9.05e-07	4.5e-08	5e-09
9.15e-07	4.5e-08	5e-09
9.25e-07	4.5e-08	5e-09
9.35e-07	4.5e-08	5e-09
9.45e-07	4.5e-08	5e-09
9.55e-07	4.5e-08	5e-09
9.65e-07	4.5e-08	5e-09
9.75e-07	4.5e-08	5e-09
9.85e-07	4.5e-08	5e-09
9.95e-07	4.5e-08	5e-09
5e-09	5.5e-08	5e-09
1.5e-08	5.5e-08	5e-09
2.5e-08	5.5e-08	5e-09
3.5e-08	5.5e-08	5e-09
4.5e-08	5.5e-08	5e-09
5.5e-08	5.5e-08	5e-09
6.5e-08	5.5e-08	5e-09
7.5e-08	5.5e-08	5e-09
8.5e-08	5.5e-08	5e-09
9.5e-08	5.5e-08	5e-09
1.05e-07	5.5e-08	5e-09
1.15e-07	5.5e-08	5e-09
1.25e-07	5.5e-08	5e-09
1.35e-07	5.5e-08	5e-09
1.45e-07	5.5e-08	5e-09
1.55e-07	5.5e-08	5e-09
1.65e-07	5.5e-08	5e-09
1.75e-07	5.5e-08	5e-09
1.85e-07	5.5e-08	5e-09
1.95e-07	5.5e-08	5e-09
2.05e-07	5.5e-08	5e-09
2.15e-07	5.5e-08	5e-09
2.25e-07	5.5e-08	5e-09
2.35e-07	5.5e-08	5e-09
2.45e-07	5.5e-08	5e-09
2.55e-07	5.5e-08	5e-09
2.65e-07	5.5e-08	5e-09
2.75e-07	5.5e-08	5e-09
2.85e-07	5.5e-08	5e-09
2.95e-07	5.5e-08	5e-09
3.05e-07	5.5e-08	5e-09
3.15e-07	5.5e-08	5e-09
3.25e-07	5.5e-08	5e-09
3.35e-07	5.5e-08	5e-09
3.45e-07	5.5e-08	5e-09
3.55e-07	5.5e-08	5e-09
3.65e-07	5.5e-08	5e-09
3.75e-07	5.5e-08	5e-09
3.85e-07	5.5e-08	5e-09
3.95e-07	5.5e-08	5e-09
4.05e-07	5.5e-08	5e-09
4.15e-07	5.5e-08	5e-09
4.25e-07	5.5e-08	5e-09
4.35e-07	5.5e-08	5e-09
4.45e-07	5.5e-08	5e-09
4.55e-07	5.5e-08	5e-09
4.65e-07	5.5e-08	5e-09
4.75e-07	5.5e-08	5e-09
4.85e-07	5.5e-08	5e-09
4.95e-07	5.5e-08	5e-09
5.05e-07	5.5e-08	5e-09
5.15e-07	5.5e-08	5e-09
5.25e-07	5.5e-08	5e-09
5.35e-07	5.5e-08	5e-09
5.45e-07	5.5e-08	5e-09
5.55e-07	5.5e-08	5e-09
5.65e-07	5.5e-08	5e-09
5.75e-07	5.5e-08	5e-09
5.85e-07	5.5e-08	5e-09
5.95e-07	5.5e-08	5e-09
6.05e-07	5.5e-08	5e-09
6.15e-07	5.5e-08	5e-09
6.25e-07	5.5e-08	5e-09
6.35e-07	5.5e-08	5e-09
6.45e-07	5.5e-08	5e-09
6.55e-07	5.5e-08	5e-09
6.65e-07	5.5e-08	5e-09
6.75e-07	5.5e-08	5e-09
6.85e-07	5.5e-08	5e-09
6.95e-07	5.5e-08	5e-09
7.05e-07	5.5e-08	5e-09
7.15e-07	5.5e-08	5e-09
7.25e-07	5.5e-08	5e-09
7.35e-07	5.5e-08	5e-09
7.45e-07	5.5e-08	5e-09
7.55e-07	5.5e-08	5e-09
7.65e-07	5.5e-08	5e-09
7.75e-07	5.5e-08	5e-09
7.85e-07	5.5e-08	5e-09
7.95e-07	5.5e-08	5e-09
8.05e-07	5.5e-08	5e-09
8.15e-07	5.5e-08	5e-09
8.25e-07	5.5e-08	5e-09
8.35e-07	5.5e-08	5e-09
8.45e-07	5.5e-08	5e-09
8.55e-07	5.5e-08	5e-09
8.65e-07	5.5e-08	5e-09
8.75e-07	5.5e-08	5e-09
8.85e-07	5.5e-08	5e-09
8.95e-07	5.5e-08	5e-09
9.05e-07	5.5e-08	5e-09
9.15e-07	5.5e-08	5e-09
9.25e-07	5.5e-08	5e-09
9.35e-07	5.5e-08	5e-09
9.45e-07	5.5e-08	5e-09
9.55e-07	5.5e-08	5e-09
9.65e-07	5.5e-08	5e-09
9.75e-07	5.5e-08	5e-09
9.85e-07	5.5e-08	5e-09
9.95e-07	5.5e-08	5e-09
5e-09	6.5e-08	5e-09
1.5e-08	6.5e-08	5e-09
2.5e-08	6.5e-08	5e-09
3.5e-08	6.5e-08	5e-09
4.5e-08	6.5e-08	5e-09
5.5e-08	6.5e-08	5e-09
6.5e-08	6.5e-08	5e-09
7.5e-08	6.5e-08	5e-09
8.5e-08	6.5e-08	5e-09
9.5e-08	6.5e-08	5e-09
1.05e-07	6.5e-08	5e-09
1.15e-07	6.5e-08	5e-09
1.25e-07	6.5e-08	5e-09
1.35e-07	6.5e-08	5e-09
1.45e-07	6.5e-08	5e-09
1.55e-07	6.5e-08	5e-09
1.65e-07	6.5e-08	5e-09
1.75e-07	6.5e-08	5e-09
1.85e-07	6.5e-08	5e-09
1.95e-07	6.5e-08	5e-09
2.05e-07	6.5e-08	5e-09
2.15e-07	6.5e-08	5e-09
2.25e-07	6.5e-08	5e-09
2.35e-07	6.5e-08	5e-09
2.45e-07	6.5e-08	5e-09
2.55e-07	6.5e-08	5e-09
2.65e-07	6.5e-08	5e-09
2.75e-07	6.5e-08	5e-09
2.85e-07	6.5e-08	5e-09
2.95e-07	6.5e-08	5e-09
3.05e-07	6.5e-08	5e-09
3.15e-07	6.5e-08	5e-09
3.25e-07	6.5e-08	5e-09
3.35e-07	6.5e-08	5e-09
3.45e-07	6.5e-08	5e-09
3.55e-07	6.5e-08	5e-09
3.65e-07	6.5e-08	5e-09
3.75e-07	6.5e-08	5e-09
3.85e-07	6.5e-08	5e-09
3.95e-07	6.5e-08	5e-09
4.05e-07	6.5e-08	5e-09
4.15e-07	6.5e-08	5e-09
4.25e-07	6.5e-08	5e-09
4.35e-07	6.5e-08	5e-09
4.45e-07	6.5e-08	5e-09
4.55e-07	6.5e-08	5e-09
4.65e-07	6.5e-08	5e-09
4.75e-07	6.5e-08	5e-09
4.85e-07	6.5e-08	5e-09
4.95e-07	6.5e-08	5e-09
5.05e-07	6.5e-08	5e-09
5.15e-07	6.5e-08	5e-09
5.25e-07	6.5e-08	5e-09
5.35e-07	6.5e-08	5e-09
5.45e-07	6.5e-08	5e-09
5.55e-07	6.5e-08	5e-09
5.65e-07	6.5e-08	5e-09
5.75e-07	6.5e-08	5e-09
5.85e-07	6.5e-08	5e-09
5.95e-07	6.5e-08	5e-09
6.05e-07	6.5e-08	5e-09
6.15e-07	6.5e-08	5e-09
6.25e-07	6.5e-08	5e-09
6.35e-07	6.5e-08	5e-09
6.45e-07	6.5e-08	5e-09
6.55e-07	6.5e-08	5e-09
6.65e-07	6.5e-08	5e-09
6.75e-07	6.5e-08	5e-09
6.85e-07	6.5e-08	5e-09
6.95e-07	6.5e-08	5e-09
7.05e-07	6.5e-08	5e-09
7.15e-07	6.5e-08	5e-09
7.25e-07	6.5e-08	5e-09
7.35e-07	6.5e-08	5e-09
7.45e-07	6.5e-08	5e-09
7.55e-07	6.5e-08	5e-09
7.65e-07	6.5e-08	5e-09
7.75e-07	6.5e-08	5e-09
7.85e-07	6.5e-08	5e-09
7.95e-07	6.5e-08	5e-09
8.05e-07	6.5e-08	5e-09
8.15e-07	6.5e-08	5e-09
8.25e-07	6.5e-08	5e-09
8.35e-07	6.5e-08	5e-09
8.45e-07	6.5e-08	5e-09
8.55e-07	6.5e-08	5e-09
8.65e-07	6.5e-08	5e-09
8.75e-07	6.5e-08	5e-09
8.85e-07	6.5e-08	5e-09
8.95e-07	6.5e-08	5e-09
9.05e-07	6.5e-08	5e-09
9.15e-07	6.5e-08	5e-09
9.25e-07	6.5e-08	5e-09
9.35e-07	6.5e-08	5e-09
9.45e-07	6.5e-08	5e-09
9.55e-07	6.5e-08	5e-09
9.65e-07	6.5e-08	5e-09
9.75e-07	6.5e-08	5e-09
9.85e-07	6.5e-08	5e-09
9.95e-07	6.5e-08	5e-09
5e-09	7.5e-08	5e-09
1.5e-08	7.5e-08	5e-09
2.5e-08	7.5e-08	5e-09
3.5e-08	7.5e-08	5e-09
4.5e-08	7.5e-08	5e-09
5.5e-08	7.5e-08	5e-09
6.5e-08	7.5e-08	5e-09
7.5e-08	7.5e-08	5e-09
8.5e-08	7.5e-08	5e-09
9.5e-08	7.5e-08	5e-09
1.05e-07	7.5e-08	5e-09
1.15e-07	7.5e-08	5e-09
1.25e-07	7.5e-08	5e-09
1.35e-07	7.5e-08	5e-09
1.45e-07	7.5e-08	5e-09
1.55e-07	7.5e-08	5e-09
1.65e-07	7.5e-08	5e-09
1.75e-07	7.5e-08	5e-09
1.85e-07	7.5e-08	5e-09
1.95e-07	7.5e-08	5e-09
2.05e-07	7.5e-08	5e-09
2.15e-07	7.5e-08	5e-09
2.25e-07	7.5e-08	5e-09
2.35e-07	7.5e-08	5e-09
2.45e-07	7.5e-08	5e-09
2.55e-07	7.5e-08	5e-09
2.65e-07	7.5e-08	5e-09
2.75e-07	7.5e-08	5e-09
2.85e-07	7.5e-08	5e-09
2.95e-07	7.5e-08	5e-09
3.05e-07	7.5e-08	5e-09
3.15e-07	7.5e-08	5e-09
3.25e-07	7.5e-08	5e-09
3.35e-07	7.5e-08	5e-09
3.45e-07	7.5e-08	5e-09
3.55e-07	7.5e-08	5e-09
3.65e-07	7.5e-08	5e-09
3.75e-07	7.5e-08	5e-09
3.85e-07	7.5e-08	5e-09
3.95e-07	7.5e-08	5e-09
4.05e-07	7.5e-08	5e-09
4.15e-07	7.5e-08	5e-09
4.25e-07	7.5e-08	5e-09
4.35e-07	7.5e-08	5e-09
4.45e-07	7.5e-08	5e-09
4.55e-07	7.5e-08	5e-09
4.65e-07	7.5e-08	5e-09
4.75e-07	7.5e-08	5e-09
4.85e-07	7.5e-08	5e-09
4.95e-07	7.5e-08	5e-09
5.05e-07	7.5e-08	5e-09
5.15e-07	7.5e-08	5e-09
5.25e-07	7.5e-08	5e-09
5.35e-07	7.5e-08	5e-09
5.45e-07	7.5e-08	5e-09
5.55e-07	7.5e-08	5e-09
5.65e-07	7.5e-08	5e-09
5.75e-07	7.5e-08	5e-09
5.85e-07	7.5e-08	5e-09
5.95e-07	7.5e-08	5e-09
6.05e-07	7.5e-08	5e-09
6.15e-07	7.5e-08	5e-09
6.25e-07	7.5e-08	5e-09
6.35e-07	7.5e-08	5e-09
6.45e-07	7.5e-08	5e-09
6.55e-07	7.5e-08	5e-09
6.65e-07	7.5e-08	5e-09
6.75e-07	7.5e-08	5e-09
6.85e-07	7.5e-08	5e-09
6.95e-07	7.5e-08	5e-09
7.05e-07	7.5e-08	5e-09
7.15e-07	7.5e-08	5e-09
7.25e-07	7.5e-08	5e-09
7.35e-07	7.5e-08	5e-09
7.45e-07	7.5e-08	5e-09
7.55e-07	7.5e-08	5e-09
7.65e-07	7.5e-08	5e-09
7.75e-07	7.5e-08	5e-09
7.85e-07	7.5e-08	5e-09
7.95e-07	7.5e-08	5e-09
8.05e-07	7.5e-08	5e-09
8.15e-07	7.5e-08	5e-09
8.25e-07	7.5e-08	5e-09
8.35e-07	7.5e-08	5e-09
8.45e-07	7.5e-08	5e-09
8.55e-07	7.5e-08	5e-09
8.65e-07	7.5e-08	5e-09
8.75e-07	7.5e-08	5e-09
8.85e-07	7.5e-08	5e-09
8.95e-07	7.5e-08	5e-09
9.05e-07	7.5e-08	5e-09
9.15e-07	7.5e-08	5e-09
9.25e-07	7.5e-08	5e-09
9.35e-07	7.5e-08	5e-09
9.45e-07	7.5e-08	5e-09
9.55e-07	7.5e-08	5e-09
9.65e-07	7.5e-08	5e-09
9.75e-07	7.5e-08	5e-09
9.85e-07	7.5e-08	5e-09
9.95e-07	7.5e-08	5e-09
5e-09	8.5e-08	5e-09
1.5e-08	8.5e-08	5e-09
2.5e-08	8.5e-08	5e-09
3.5e-08	8.5e-08	5e-09
4.5e-08	8.5e-08	5e-09
5.5e-08	8.5e-08	5e-09
6.5e-08	8.5e-08	5e-09
7.5e-08	8.5e-08	5e-09
8.5e-08	8.5e-08	5e-09
9.5e-08	8.5e-08	5e-09
1.05e-07	8.5e-08	5e-09
1.15e-07	8.5e-08	5e-09
1.25e-07	8.5e-08	5e-09
1.35e-07	8.5e-08	5e-09
1.45e-07	8.5e-08	5e-09
1.55e-07	8.5e-08	5e-09
1.65e-07	8.5e-08	5e-09
1.75e-07	8.5e-08	5e-09
1.85e-07	8.5e-08	5e-09
1.95e-07	8.5e-08	5e-09
2.05e-07	8.5e-08	5e-09
2.15e-07	8.5e-08	5e-09
2.25e-07	8.5e-08	5e-09
2.35e-07	8.5e-08	5e-09
2.45e-07	8.5e-08	5e-09
2.55e-07	8.5e-08	5e-09
2.65e-07	8.5e-08	5e-09
2.75e-07	8.5e-08	5e-09
2.85e-07	8.5e-08	5e-09
2.95e-07	8.5e-08	5e-09
3.05e-07	8.5e-08	5e-09
3.15e-07	8.5e-08	5e-09
3.25e-07	8.5e-08	5e-09
3.35e-07	8.5e-08	5e-09
3.45e-07	8.5e-08	5e-09
3.55e-07	8.5e-08	5e-09
3.65e-07	8.5e-08	5e-09
3.75e-07	8.5e-08	5e-09
3.85e-07	8.5e-08	5e-09
3.95e-07	8.5e-08	5e-09
4.05e-07	8.5e-08	5e-09
4.15e-07	8.5e-08	5e-09
4.25e-07	8.5e-08	5e-09
4.35e-07	8.5e-08	5e-09
4.45e-07	8.5e-08	5e-09
4.55e-07	8.5e-08	5e-09
4.65e-07	8.5e-08	5e-09
4.75e-07	8.5e-08	5e-09
4.85e-07	8.5e-08	5e-09
4.95e-07	8.5e-08	5e-09
5.05e-07	8.5e-08	5e-09
5.15e-07	8.5e-08	5e-09
5.25e-07	8.5e-08	5e-09
5.35e-07	8.5e-08	5e-09
5.45e-07	8.5e-08	5e-09
5.55e-07	8.5e-08	5e-09
5.65e-07	8.5e-08	5e-09
5.75e-07	8.5e-08	5e-09
5.85e-07	8.5e-08	5e-09
5.95e-07	8.5e-08	5e-09
6.05e-07	8.5e-08	5e-09
6.15e-07	8.5e-08	5e-09
6.25e-07	8.5e-08	5e-09
6.35e-07	8.5e-08	5e-09
6.45e-07	8.5e-08	5e-09
6.55e-07	8.5e-08	5e-09
6.65e-07	8.5e-08	5e-09
6.75e-07	8.5e-08	5e-09
6.85e-07	8.5e-08	5e-09
6.95e-07	8.5e-08	5e-09
7.05e-07	8.5e-08	5e-09
7.15e-07	8.5e-08	5e-09
7.25e-07	8.5e-08	5e-09
7.35e-07	8.5e-08	5e-09
7.45e-07	8.5e-08	5e-09
7.55e-07	8.5e-08	5e-09
7.65e-07	8.5e-08	5e-09
7.75e-07	8.5e-08	5e-09
7.85e-07	8.5e-08	5e-09
7.95e-07	8.5e-08	5e-09
8.05e-07	8.5e-08	5e-09
8.15e-07	8.5e-08	5e-09
8.25e-07	8.5e-08	5e-09
8.35e-07	8.5e-08	5e-09
8.45e-07	8.5e-08	5e-09
8.55e-07	8.5e-08	5e-09
8.65e-07	8.5e-08	5e-09
8.75e-07	8.5e-08	5e-09
8.85e-07	8.5e-08	5e-09
8.95e-07	8.5e-08	5e-09
9.05e-07	8.5e-08	5e-09
9.15e-07	8.5e-08	5e-09
9.25e-07	8.5e-08	5e-09
9.35e-07	8.5e-08	5e-09
9.45e-07	8.5e-08	5e-09
9.55e-07	8.5e-08	5e-09
9.65e-07	8.5e-08	5e-09
9.75e-07	8.5e-08	5e-09
9.85e-07	8.5e-08	5e-09
9.95e-07	8.5e-08	5e-09
5e-09	9.5e-08	5e-09
1.5e-08	9.5e-08	5e-09
2.5e-08	9.5e-08	5e-09
3.5e-08	9.5e-08	5e-09
4.5e-08	9.5e-08	5e-09
5.5e-08	9.5e-08	5e-09
6.5e-08	9.5e-08	5e-09
7.5e-08	9.5e-08	5e-09
8.5e-08	9.5e-08	5e-09
9.5e-08	9.5e-08	5e-09
1.05e-07	9.5e-08	5e-09
1.15e-07	9.5e-08	5e-09
1.25e-07	9.5e-08	5e-09
1.35e-07	9.5e-08	5e-09
1.45e-07	9.5e-08	5e-09
1.55e-07	9.5e-08	5e-09
1.65e-07	9.5e-08	5e-09
1.75e-07	9.5e-08	5e-09
1.85e-07	9.5e-08	5e-09
1.95e-07	9.5e-08	5e-09
2.05e-07	9.5e-08	5e-09
2.15e-07	9.5e-08	5e-09
2.25e-07	9.5e-08	5e-09
2.35e-07	9.5e-08	5e-09
2.45e-07	9.5e-08	5e-09
2.55e-07	9.5e-08	5e-09
2.65e-07	9.5e-08	5e-09
2.75e-07	9.5e-08	5e-09
2.85e-07	9.5e-08	5e-09
2.95e-07	9.5e-08	5e-09
3.05e-07	9.5e-08	5e-09
3.15e-07	9.5e-08	5e-09
3.25e-07	9.5e-08	5e-09
3.35e-07	9.5e-08	5e-09
3.45e-07	9.5e-08	5e-09
3.55e-07	9.5e-08	5e-09
3.65e-07	9.5e-08	5e-09
3.75e-07	9.5e-08	5e-09
3.85e-07	9.5e-08	5e-09
3.95e-07	9.5e-08	5e-09
4.05e-07	9.5e-08	5e-09
4.15e-07	9.5e-08	5e-09
4.25e-07	9.5e-08	5e-09
4.35e-07	9.5e-08	5e-09
4.45e-07	9.5e-08	5e-09
4.55e-07	9.5e-08	5e-09
4.65e-07	9.5e-08	5e-09
4.75e-07	9.5e-08	5e-09
4.85e-07	9.5e-08	5e-09
4.95e-07	9.5e-08	5e-09
5.05e-07	9.5e-08	5e-09
5.15e-07	9.5e-08	5e-09
5.25e-07	9.5e-08	5e-09
5.35e-07	9.5e-08	5e-09
5.45e-07	9.5e-08	5e-09
5.55e-07	9.5e-08	5e-09
5.65e-07	9.5e-08	5e-09
5.75e-07	9.5e-08	5e-09
5.85e-07	9.5e-08	5e-09
5.95e-07	9.5e-08	5e-09
6.05e-07	9.5e-08	5e-09
6.15e-07	9.5e-08	5e-09
6.25e-07	9.5e-08	5e-09
6.35e-07	9.5e-08	5e-09
6.45e-07	9.5e-08	5e-09
6.55e-07	9.5e-08	5e-09
6.65e-07	9.5e-08	5e-09
6.75e-07	9.5e-08	5e-09
6.85e-07	9.5e-08	5e-09
6.95e-07	9.5e-08	5e-09
7.05e-07	9.5e-08	5e-09
7.15e-07	9.5e-08	5e-09
7.25e-07	9.5e-08	5e-09
7.35e-07	9.5e-08	5e-09
7.45e-07	9.5e-08	5e-09
7.55e-07	9.5e-08	5e-09
7.65e-07	9.5e-08	5e-09
7.75e-07	9.5e-08	5e-09
7.85e-07	9.5e-08	5e-09
7.95e-07	9.5e-08	5e-09
8.05e-07	9.5e-08	5e-09
8.15e-07	9.5e-08	5e-09
8.25e-07	9.5e-08	5e-09
8.35e-07	9.5e-08	5e-09
8.45e-07	9.5e-08	5e-09
8.55e-07	9.5e-08	5e-09
8.65e-07	9.5e-08	5e-09
8.75e-07	9.5e-08	5e-09
8.85e-07	9.5e-08	5e-09
8.95e-07	9.5e-08	5e-09
9.05e-07	9.5e-08	5e-09
9.15e-07	9.5e-08	5e-09
9.25e-07	9.5e-08	5e-09
9.35e-07	9.5e-08	5e-09
9.45e-07	9.5e-08	5e-09
9.55e-07	9.5e-08	5e-09
9.65e-07	9.5e-08	5e-09
9.75e-07	9.5e-08	5e-09
9.85e-07	9.5e-08	5e-09
9.95e-07	9.5e-08	5e-09
5e-09	5e-09	1.5e-08
1.5e-08	5e-09	1.5e-08
2.5e-08	5e-09	1.5e-08
3.5e-08	5e-09	1.5e-08
4.5e-08	5e-09	1.5e-08
5.5e-08	5e-09	1.5e-08
6.5e-08	5e-09	1.5e-08
7.5e-08	5e-09	1.5e-08
8.5e-08	5e-09	1.5e-08
9.5e-08	5e-09	1.5e-08
1.05e-07	5e-09	1.5e-08
1.15e-07	5e-09	1.5e-08
1.25e-07	5e-09	1.5e-08
1.35e-07	5e-09	1.5e-08
1.45e-07	5e-09	1.5e-08
1.55e-07	5e-09	1.5e-08
1.65e-07	5e-09	1.5e-08
1.75e-07	5e-09	1.5e-08
1.85e-07	5e-09	1.5e-08
1.95e-07	5e-09	1.5e-08
2.05e-07	5e-09	1.5e-08
2.15e-07	5e-09	1.5e-08
2.25e-07	5e-09	1.5e-08
2.35e-07	5e-09	1.5e-08
2.45e-07	5e-09	1.5e-08
2.55e-07	5e-09	1.5e-08
2.65e-07	5e-09	1.5e-08
2.75e-07	5e-09	1.5e-08
2.85e-07	5e-09	1.5e-08
2.95e-07	5e-09	1.5e-08
3.05e-07	5e-09	1.5e-08
3.15e-07	5e-09	1.5e-08
3.25e-07	5e-09	1.5e-08
3.35e-07	5e-09	1.5e-08
3.45e-07	5e-09	1.5e-08
3.55e-07	5e-09	1.5e-08
3.65e-07	5e-09	1.5e-08
3.75e-07	5e-09	1.5e-08
3.85e-07	5e-09	1.5e-08
3.95e-07	5e-09	1.5e-08
4.05e-07	5e-09	1.5e-08
4.15e-07	5e-09	1.5e-08
4.25e-07	5e-09	1.5e-08
4.35e-07	5e-09	1.5e-08
4.45e-07	5e-09	1.5e-08
4.55e-07	5e-09	1.5e-08
4.65e-07	5e-09	1.5e-08
4.75e-07	5e-09	1.5e-08
4.85e-07	5e-09	1.5e-08
4.95e-07	5e-09	1.5e-08
5.05e-07	5e-09	1.5e-08
5.15e-07	5e-09	1.5e-08
5.25e-07	5e-09	1.5e-08
5.35e-07	5e-09	1.5e-08
5.45e-07	5e-09	1.5e-08
5.55e-07	5e-09	1.5e-08
5.65e-07	5e-09	1.5e-08
5.75e-07	5e-09	1.5e-08
5.85e-07	5e-09	1.5e-08
5.95e-07	5e-09	1.5e-08
6.05e-07	5e-09	1.5e-08
6.15e-07	5e-09	1.5e-08
6.25e-07	5e-09	1.5e-08
6.35e-07	5e-09	1.5e-08
6.45e-07	5e-09	1.5e-08
6.55e-07	5e-09	1.5e-08
6.65e-07	5e-09	1.5e-08
6.75e-07	5e-09	1.5e-08
6.85e-07	5e-09	1.5e-08
6.95e-07	5e-09	1.5e-08
7.05e-07	5e-09	1.5e-08
7.15e-07	5e-09	1.5e-08
7.25e-07	5e-09	1.5e-08
7.35e-07	5e-09	1.5e-08
7.45e-07	5e-09	1.5e-08
7.55e-07	5e-09	1.5e-08
7.65e-07	5e-09	1.5e-08
7.75e-07	5e-09	1.5e-08
7.85e-07	5e-09	1.5e-08
7.95e-07	5e-09	1.5e-08
8.05e-07	5e-09	1.5e-08
8.15e-07	5e-09	1.5e-08
8.25e-07	5e-09	1.5e-08
8.35e-07	5e-09	1.5e-08
8.45e-07	5e-09	1.5e-08
8.55e-07	5e-09	1.5e-08
8.65e-07	5e-09	1.5e-08
8.75e-07	5e-09	1.5e-08
8.85e-07	5e-09	1.5e-08
8.95e-07	5e-09	1.5e-08
9.05e-07	5e-09	1.5e-08
9.15e-07	5e-09	1.5e-08
9.25e-07	5e-09	1.5e-08
9.35e-07	5e-09	1.5e-08
9.45e-07	5e-09	1.5e-08
9.55e-07	5e-09	1.5e-08
9.65e-07	5e-09	1.5e-08
9.75e-07	5e-09	1.5e-08
9.85e-07	5e-09	1.5e-08
9.95e-07	5e-09	1.5e-08
5e-09	1.5e-08	1.5e-08
1.5e-08	1.5e-08	1.5e-08
2.5e-08	1.5e-08	1.5e-08
3.5e-08	1.5e-08	1.5e-08
4.5e-08	1.5e-08	1.5e-08
5.5e-08	1.5e-08	1.5e-08
6.5e-08	1.5e-08	1.5e-08
7.5e-08	1.5e-08	1.5e-08
8.5e-08	1.5e-08	1.5e-08
9.5e-08	1.5e-08	1.5e-08
1.05e-07	1.5e-08	1.5e-08
1.15e-07	1.5e-08	1.5e-08
1.25e-07	1.5e-08	1.5e-08
1.35e-07	1.5e-08	1.5e-08
1.45e-07	1.5e-08	1.5e-08
1.55e-07	1.5e-08	1.5e-08
1.65e-07	1.5e-08	1.5e-08
1.75e-07	1.5e-08	1.5e-08
1.85e-07	1.5e-08	1.5e-08
1.95e-07	1.5e-08	1.5e-08
2.05e-07	1.5e-08	1.5e-08
2.15e-07	1.5e-08	1.5e-08
2.25e-07	1.5e-08	1.5e-08
2.35e-07	1.5e-08	1.5e-08
2.45e-07	1.5e-08	1.5e-08
2.55e-07	1.5e-08	1.5e-08
2.65e-07	1.5e-08	1.5e-08
2.75e-07	1.5e-08	1.5e-08
2.85e-07	1.5e-08	1.5e-08
2.95e-07	1.5e-08	1.5e-08
3.05e-07	1.5e-08	1.5e-08
3.15e-07	1.5e-08	1.5e-08
3.25e-07	1.5e-08	1.5e-08
3.35e-07	1.5e-08	1.5e-08
3.45e-07	1.5e-08	1.5e-08
3.55e-07	1.5e-08	1.5e-08
3.65e-07	1.5e-08	1.5e-08
3.75e-07	1.5e-08	1.5e-08
3.85e-07	1.5e-08	1.5e-08
3.95e-07	1.5e-08	1.5e-08
4.05e-07	1.5e-08	1.5e-08
4.15e-07	1.5e-08	1.5e-08
4.25e-07	1.5e-08	1.5e-08
4.35e-07	1.5e-08	1.5e-08
4.45e-07	1.5e-08	1.5e-08
4.55e-07	1.5e-08	1.5e-08
4.65e-07	1.5e-08	1.5e-08
4.75e-07	1.5e-08	1.5e-08
4.85e-07	1.5e-08	1.5e-08
4.95e-07	1.5e-08	1.5e-08
5.05e-07	1.5e-08	1.5e-08
5.15e-07	1.5e-08	1.5e-08
5.25e-07	1.5e-08	1.5e-08
5.35e-07	1.5e-08	1.5e-08
5.45e-07	1.5e-08	1.5e-08
5.55e-07	1.5e-08	1.5e-08
5.65e-07	1.5e-08	1.5e-08
5.75e-07	1.5e-08	1.5e-08
5.85e-07	1.5e-08	1.5e-08
5.95e-07	1.5e-08	1.5e-08
6.05e-07	1.5e-08	1.5e-08
6.15e-07	1.5e-08	1.5e-08
6.25e-07	1.5e-08	1.5e-08
6.35e-07	1.5e-08	1.5e-08
6.45e-07	1.5e-08	1.5e-08
6.55e-07	1.5e-08	1.5e-08
6.65e-07	1.5e-08	1.5e-08
6.75e-07	1.5e-08	1.5e-08
6.85e-07	1.5e-08	1.5e-08
6.95e-07	1.5e-08	1.5e-08
7.05e-07	1.5e-08	1.5e-08
7.15e-07	1.5e-08	1.5e-08
7.25e-07	1.5e-08	1.5e-08
7.35e-07	1.5e-08	1.5e-08
7.45e-07	1.5e-08	1.5e-08
7.55e-07	1.5e-08	1.5e-08
7.65e-07	1.5e-08	1.5e-08
7.75e-07	1.5e-08	1.5e-08
7.85e-07	1.5e-08	1.5e-08
7.95e-07	1.5e-08	1.5e-08
8.05e-07	1.5e-08	1.5e-08
8.15e-07	1.5e-08	1.5e-08
8.25e-07	1.5e-08	1.5e-08
8.35e-07	1.5e-08	1.5e-08
8.45e-07	1.5e-08	1.5e-08
8.55e-07	1.5e-08	1.5e-08
8.65e-07	1.5e-08	1.5e-08
8.75e-07	1.5e-08	1.5e-08
8.85e-07	1.5e-08	1.5e-08
8.95e-07	1.5e-08	1.5e-08
9.05e-07	1.5e-08	1.5e-08
9.15e-07	1.5e-08	1.5e-08
9.25e-07	1.5e-08	1.5e-08
9.35e-07	1.5e-08	1.5e-08
9.45e-07	1.5e-08	1.5e-08
9.55e-07	1.5e-08	1.5e-08
9.65e-07	1.5e-08	1.5e-08
9.75e-07	1.5e-08	1.5e-08
9.85e-07	1.5e-08	1.5e-08
9.95e-07	1.5e-08	1.5e-08
5e-09	2.5e-08	1.5e-08
1.5e-08	2.5e-08	1.5e-08
2.5e-08	2.5e-08	1.5e-08
3.5e-08	2.5e-08	1.5e-08
4.5e-08	2.5e-08	1.5e-08
5.5e-08	2.5e-08	1.5e-08
6.5e-08	2.5e-08	1.5e-08
7.5e-08	2.5e-08	1.5e-08
8.5e-08	2.5e-08	1.5e-08
9.5e-08	2.5e-08	1.5e-08
1.05e-07	2.5e-08	1.5e-08
1.15e-07	2.5e-08	1.5e-08
1.25e-07	2.5e-08	1.5e-08
1.35e-07	2.5e-08	1.5e-08
1.45e-07	2.5e-08	1.5e-08
1.55e-07	2.5e-08	1.5e-08
1.65e-07	2.5e-08	1.5e-08
1.75e-07	2.5e-08	1.5e-08
1.85e-07	2.5e-08	1.5e-08
1.95e-07	2.5e-08	1.5e-08
2.05e-07	2.5e-08	1.5e-08
2.15e-07	2.5e-08	1.5e-08
2.25e-07	2.5e-08	1.5e-08
2.35e-07	2.5e-08	1.5e-08
2.45e-07	2.5e-08	1.5e-08
2.55e-07	2.5e-08	1.5e-08
2.65e-07	2.5e-08	1.5e-08
2.75e-07	2.5e-08	1.5e-08
2.85e-07	2.5e-08	1.5e-08
2.95e-07	2.5e-08	1.5e-08
3.05e-07	2.5e-08	1.5e-08
3.15e-07	2.5e-08	1.5e-08
3.25e-07	2.5e-08	1.5e-08
3.35e-07	2.5e-08	1.5e-08
3.45e-07	2.5e-08	1.5e-08
3.55e-07	2.5e-08	1.5e-08
3.65e-07	2.5e-08	1.5e-08
3.75e-07	2.5e-08	1.5e-08
3.85e-07	2.5e-08	1.5e-08
3.95e-07	2.5e-08	1.5e-08
4.05e-07	2.5e-08	1.5e-08
4.15e-07	2.5e-08	1.5e-08
4.25e-07	2.5e-08	1.5e-08
4.35e-07	2.5e-08	1.5e-08
4.45e-07	2.5e-08	1.5e-08
4.55e-07	2.5e-08	1.5e-08
4.65e-07	2.5e-08	1.5e-08
4.75e-07	2.5e-08	1.5e-08
4.85e-07	2.5e-08	1.5e-08
4.95e-07	2.5e-08	1.5e-08
5.05e-07	2.5e-08	1.5e-08
5.15e-07	2.5e-08	1.5e-08
5.25e-07	2.5e-08	1.5e-08
5.35e-07	2.5e-08	1.5e-08
5.45e-07	2.5e-08	1.5e-08
5.55e-07	2.5e-08	1.5e-08
5.65e-07	2.5e-08	1.5e-08
5.75e-07	2.5e-08	1.5e-08
5.85e-07	2.5e-08	1.5e-08
5.95e-07	2.5e-08	1.5e-08
6.05e-07	2.5e-08	1.5e-08
6.15e-07	2.5e-08	1.5e-08
6.25e-07	2.5e-08	1.5e-08
6.35e-07	2.5e-08	1.5e-08
6.45e-07	2.5e-08	1.5e-08
6.55e-07	2.5e-08	1.5e-08
6.65e-07	2.5e-08	1.5e-08
6.75e-07	2.5e-08	1.5e-08
6.85e-07	2.5e-08	1.5e-08
6.95e-07	2.5e-08	1.5e-08
7.05e-07	2.5e-08	1.5e-08
7.15e-07	2.5e-08	1.5e-08
7.25e-07	2.5e-08	1.5e-08
7.35e-07	2.5e-08	1.5e-08
7.45e-07	2.5e-08	1.5e-08
7.55e-07	2.5e-08	1.5e-08
7.65e-07	2.5e-08	1.5e-08
7.75e-07	2.5e-08	1.5e-08
7.85e-07	2.5e-08	1.5e-08
7.95e-07	2.5e-08	1.5e-08
8.05e-07	2.5e-08	1.5e-08
8.15e-07	2.5e-08	1.5e-08
8.25e-07	2.5e-08	1.5e-08
8.35e-07	2.5e-08	1.5e-08
8.45e-07	2.5e-08	1.5e-08
8.55e-07	2.5e-08	1.5e-08
8.65e-07	2.5e-08	1.5e-08
8.75e-07	2.5e-08	1.5e-08
8.85e-07	2.5e-08	1.5e-08
8.95e-07	2.5e-08	1.5e-08
9.05e-07	2.5e-08	1.5e-08
9.15e-07	2.5e-08	1.5e-08
9.25e-07	2.5e-08	1.5e-08
9.35e-07	2.5e-08	1.5e-08
9.45e-07	2.5e-08	1.5e-08
9.55e-07	2.5e-08	1.5e-08
9.65e-07	2.5e-08	1.5e-08
9.75e-07	2.5e-08	1.5e-08
9.85e-07	2.5e-08	1.5e-08
9.95e-07	2.5e-08	1.5e-08
5e-09	3.5e-08	1.5e-08
1.5e-08	3.5e-08	1.5e-08
2.5e-08	3.5e-08	1.5e-08
3.5e-08	3.5e-08	1.5e-08
4.5e-08	3.5e-08	1.5e-08
5.5e-08	3.5e-08	1.5e-08
6.5e-08	3.5e-08	1.5e-08
7.5e-08	3.5e-08	1.5e-08
8.5e-08	3.5e-08	1.5e-08
9.5e-08	3.5e-08	1.5e-08
1.05e-07	3.5e-08	1.5e-08
1.15e-07	3.5e-08	1.5e-08
1.25e-07	3.5e-08	1.5e-08
1.35e-07	3.5e-08	1.5e-08
1.45e-07	3.5e-08	1.5e-08
1.55e-07	3.5e-08	1.5e-08
1.65e-07	3.5e-08	1.5e-08
1.75e-07	3.5e-08	1.5e-08
1.85e-07	3.5e-08	1.5e-08
1.95e-07	3.5e-08	1.5e-08
2.05e-07	3.5e-08	1.5e-08
2.15e-07	3.5e-08	1.5e-08
2.25e-07	3.5e-08	1.5e-08
2.35e-07	3.5e-08	1.5e-08
2.45e-07	3.5e-08	1.5e-08
2.55e-07	3.5e-08	1.5e-08
2.65e-07	3.5e-08	1.5e-08
2.75e-07	3.5e-08	1.5e-08
2.85e-07	3.5e-08	1.5e-08
2.95e-07	3.5e-08	1.5e-08
3.05e-07	3.5e-08	1.5e-08
3.15e-07	3.5e-08	1.5e-08
3.25e-07	3.5e-08	1.5e-08
3.35e-07	3.5e-08	1.5e-08
3.45e-07	3.5e-08	1.5e-08
3.55e-07	3.5e-08	1.5e-08
3.65e-07	3.5e-08	1.5e-08
3.75e-07	3.5e-08	1.5e-08
3.85e-07	3.5e-08	1.5e-08
3.95e-07	3.5e-08	1.5e-08
4.05e-07	3.5e-08	1.5e-08
4.15e-07	3.5e-08	1.5e-08
4.25e-07	3.5e-08	1.5e-08
4.35e-07	3.5e-08	1.5e-08
4.45e-07	3.5e-08	1.5e-08
4.55e-07	3.5e-08	1.5e-08
4.65e-07	3.5e-08	1.5e-08
4.75e-07	3.5e-08	1.5e-08
4.85e-07	3.5e-08	1.5e-08
4.95e-07	3.5e-08	1.5e-08
5.05e-07	3.5e-08	1.5e-08
5.15e-07	3.5e-08	1.5e-08
5.25e-07	3.5e-08	1.5e-08
5.35e-07	3.5e-08	1.5e-08
5.45e-07	3.5e-08	1.5e-08
5.55e-07	3.5e-08	1.5e-08
5.65e-07	3.5e-08	1.5e-08
5.75e-07	3.5e-08	1.5e-08
5.85e-07	3.5e-08	1.5e-08
5.95e-07	3.5e-08	1.5e-08
6.05e-07	3.5e-08	1.5e-08
6.15e-07	3.5e-08	1.5e-08
6.25e-07	3.5e-08	1.5e-08
6.35e-07	3.5e-08	1.5e-08
6.45e-07	3.5e-08	1.5e-08
6.55e-07	3.5e-08	1.5e-08
6.65e-07	3.5e-08	1.5e-08
6.75e-07	3.5e-08	1.5e-08
6.85e-07	3.5e-08	1.5e-08
6.95e-07	3.5e-08	1.5e-08
7.05e-07	3.5e-08	1.5e-08
7.15e-07	3.5e-08	1.5e-08
7.25e-07	3.5e-08	1.5e-08
7.35e-07	3.5e-08	1.5e-08
7.45e-07	3.5e-08	1.5e-08
7.55e-07	3.5e-08	1.5e-08
7.65e-07	3.5e-08	1.5e-08
7.75e-07	3.5e-08	1.5e-08
7.85e-07	3.5e-08	1.5e-08
7.95e-07	3.5e-08	1.5e-08
8.05e-07	3.5e-08	1.5e-08
8.15e-07	3.5e-08	1.5e-08
8.25e-07	3.5e-08	1.5e-08
8.35e-07	3.5e-08	1.5e-08
8.45e-07	3.5e-08	1.5e-08
8.55e-07	3.5e-08	1.5e-08
8.65e-07	3.5e-08	1.5e-08
8.75e-07	3.5e-08	1.5e-08
8.85e-07	3.5e-08	1.5e-08
8.95e-07	3.5e-08	1.5e-08
9.05e-07	3.5e-08	1.5e-08
9.15e-07	3.5e-08	1.5e-08
9.25e-07	3.5e-08	1.5e-08
9.35e-07	3.5e-08	1.5e-08
9.45e-07	3.5e-08	1.5e-08
9.55e-07	3.5e-08	1.5e-08
9.65e-07	3.5e-08	1.5e-08
9.75e-07	3.5e-08	1.5e-08
9.85e-07	3.5e-08	1.5e-08
9.95e-07	3.5e-08	1.5e-08
5e-09	4.5e-08	1.5e-08
1.5e-08	4.5e-08	1.5e-08
2.5e-08	4.5e-08	1.5e-08
3.5e-08	4.5e-08	1.5e-08
4.5e-08	4.5e-08	1.5e-08
5.5e-08	4.5e-08	1.5e-08
6.5e-08	4.5e-08	1.5e-08
7.5e-08	4.5e-08	1.5e-08
8.5e-08	4.5e-08	1.5e-08
9.5e-08	4.5e-08	1.5e-08
1.05e-07	4.5e-08	1.5e-08
1.15e-07	4.5e-08	1.5e-08
1.25e-07	4.5e-08	1.5e-08
1.35e-07	4.5e-08	1.5e-08
1.45e-07	4.5e-08	1.5e-08
1.55e-07	4.5e-08	1.5e-08
1.65e-07	4.5e-08	1.5e-08
1.75e-07	4.5e-08	1.5e-08
1.85e-07	4.5e-08	1.5e-08
1.95e-07	4.5e-08	1.5e-08
2.05e-07	4.5e-08	1.5e-08
2.15e-07	4.5e-08	1.5e-08
2.25e-07	4.5e-08	1.5e-08
2.35e-07	4.5e-08	1.5e-08
2.45e-07	4.5e-08	1.5e-08
2.55e-07	4.5e-08	1.5e-08
2.65e-07	4.5e-08	1.5e-08
2.75e-07	4.5e-08	1.5e-08
2.85e-07	4.5e-08	1.5e-08
2.95e-07	4.5e-08	1.5e-08
3.05e-07	4.5e-08	1.5e-08
3.15e-07	4.5e-08	1.5e-08
3.25e-07	4.5e-08	1.5e-08
3.35e-07	4.5e-08	1.5e-08
3.45e-07	4.5e-08	1.5e-08
3.55e-07	4.5e-08	1.5e-08
3.65e-07	4.5e-08	1.5e-08
3.75e-07	4.5e-08	1.5e-08
3.85e-07	4.5e-08	1.5e-08
3.95e-07	4.5e-08	1.5e-08
4.05e-07	4.5e-08	1.5e-08
4.15e-07	4.5e-08	1.5e-08
4.25e-07	4.5e-08	1.5e-08
4.35e-07	4.5e-08	1.5e-08
4.45e-07	4.5e-08	1.5e-08
4.55e-07	4.5e-08	1.5e-08
4.65e-07	4.5e-08	1.5e-08
4.75e-07	4.5e-08	1.5e-08
4.85e-07	4.5e-08	1.5e-08
4.95e-07	4.5e-08	1.5e-08
5.05e-07	4.5e-08	1.5e-08
5.15e-07	4.5e-08	1.5e-08
5.25e-07	4.5e-08	1.5e-08
5.35e-07	4.5e-08	1.5e-08
5.45e-07	4.5e-08	1.5e-08
5.55e-07	4.5e-08	1.5e-08
5.65e-07	4.5e-08	1.5e-08
5.75e-07	4.5e-08	1.5e-08
5.85e-07	4.5e-08	1.5e-08
5.95e-07	4.5e-08	1.5e-08
6.05e-07	4.5e-08	1.5e-08
6.15e-07	4.5e-08	1.5e-08
6.25e-07	4.5e-08	1.5e-08
6.35e-07	4.5e-08	1.5e-08
6.45e-07	4.5e-08	1.5e-08
6.55e-07	4.5e-08	1.5e-08
6.65e-07	4.5e-08	1.5e-08
6.75e-07	4.5e-08	1.5e-08
6.85e-07	4.5e-08	1.5e-08
6.95e-07	4.5e-08	1.5e-08
7.05e-07	4.5e-08	1.5e-08
7.15e-07	4.5e-08	1.5e-08
7.25e-07	4.5e-08	1.5e-08
7.35e-07	4.5e-08	1.5e-08
7.45e-07	4.5e-08	1.5e-08
7.55e-07	4.5e-08	1.5e-08
7.65e-07	4.5e-08	1.5e-08
7.75e-07	4.5e-08	1.5e-08
7.85e-07	4.5e-08	1.5e-08
7.95e-07	4.5e-08	1.5e-08
8.05e-07	4.5e-08	1.5e-08
8.15e-07	4.5e-08	1.5e-08
8.25e-07	4.5e-08	1.5e-08
8.35e-07	4.5e-08	1.5e-08
8.45e-07	4.5e-08	1.5e-08
8.55e-07	4.5e-08	1.5e-08
8.65e-07	4.5e-08	1.5e-08
8.75e-07	4.5e-08	1.5e-08
8.85e-07	4.5e-08	1.5e-08
8.95e-07	4.5e-08	1.5e-08
9.05e-07	4.5e-08	1.5e-08
9.15e-07	4.5e-08	1.5e-08
9.25e-07	4.5e-08	1.5e-08
9.35e-07	4.5e-08	1.5e-08
9.45e-07	4.5e-08	1.5e-08
9.55e-07	4.5e-08	1.5e-08
9.65e-07	4.5e-08	1.5e-08
9.75e-07	4.5e-08	1.5e-08
9.85e-07	4.5e-08	1.5e-08
9.95e-07	4.5e-08	1.5e-08
5e-09	5.5e-08	1.5e-08
1.5e-08	5.5e-08	1.5e-08
2.5e-08	5.5e-08	1.5e-08
3.5e-08	5.5e-08	1.5e-08
4.5e-08	5.5e-08	1.5e-08
5.5e-08	5.5e-08	1.5e-08
6.5e-08	5.5e-08	1.5e-08
7.5e-08	5.5e-08	1.5e-08
8.5e-08	5.5e-08	1.5e-08
9.5e-08	5.5e-08	1.5e-08
1.05e-07	5.5e-08	1.5e-08
1.15e-07	5.5e-08	1.5e-08
1.25e-07	5.5e-08	1.5e-08
1.35e-07	5.5e-08	1.5e-08
1.45e-07	5.5e-08	1.5e-08
1.55e-07	5.5e-08	1.5e-08
1.65e-07	5.5e-08	1.5e-08
1.75e-07	5.5e-08	1.5e-08
1.85e-07	5.5e-08	1.5e-08
1.95e-07	5.5e-08	1.5e-08
2.05e-07	5.5e-08	1.5e-08
2.15e-07	5.5e-08	1.5e-08
2.25e-07	5.5e-08	1.5e-08
2.35e-07	5.5e-08	1.5e-08
2.45e-07	5.5e-08	1.5e-08
2.55e-07	5.5e-08	1.5e-08
2.65e-07	5.5e-08	1.5e-08
2.75e-07	5.5e-08	1.5e-08
2.85e-07	5.5e-08	1.5e-08
2.95e-07	5.5e-08	1.5e-08
3.05e-07	5.5e-08	1.5e-08
3.15e-07	5.5e-08	1.5e-08
3.25e-07	5.5e-08	1.5e-08
3.35e-07	5.5e-08	1.5e-08
3.45e-07	5.5e-08	1.5e-08
3.55e-07	5.5e-08	1.5e-08
3.65e-07	5.5e-08	1.5e-08
3.75e-07	5.5e-08	1.5e-08
3.85e-07	5.5e-08	1.5e-08
3.95e-07	5.5e-08	1.5e-08
4.05e-07	5.5e-08	1.5e-08
4.15e-07	5.5e-08	1.5e-08
4.25e-07	5.5e-08	1.5e-08
4.35e-07	5.5e-08	1.5e-08
4.45e-07	5.5e-08	1.5e-08
4.55e-07	5.5e-08	1.5e-08
4.65e-07	5.5e-08	1.5e-08
4.75e-07	5.5e-08	1.5e-08
4.85e-07	5.5e-08	1.5e-08
4.95e-07	5.5e-08	1.5e-08
5.05e-07	5.5e-08	1.5e-08
5.15e-07	5.5e-08	1.5e-08
5.25e-07	5.5e-08	1.5e-08
5.35e-07	5.5e-08	1.5e-08
5.45e-07	5.5e-08	1.5e-08
5.55e-07	5.5e-08	1.5e-08
5.65e-07	5.5e-08	1.5e-08
5.75e-07	5.5e-08	1.5e-08
5.85e-07	5.5e-08	1.5e-08
5.95e-07	5.5e-08	1.5e-08
6.05e-07	5.5e-08	1.5e-08
6.15e-07	5.5e-08	1.5e-08
6.25e-07	5.5e-08	1.5e-08
6.35e-07	5.5e-08	1.5e-08
6.45e-07	5.5e-08	1.5e-08
6.55e-07	5.5e-08	1.5e-08
6.65e-07	5.5e-08	1.5e-08
6.75e-07	5.5e-08	1.5e-08
6.85e-07	5.5e-08	1.5e-08
6.95e-07	5.5e-08	1.5e-08
7.05e-07	5.5e-08	1.5e-08
7.15e-07	5.5e-08	1.5e-08
7.25e-07	5.5e-08	1.5e-08
7.35e-07	5.5e-08	1.5e-08
7.45e-07	5.5e-08	1.5e-08
7.55e-07	5.5e-08	1.5e-08
7.65e-07	5.5e-08	1.5e-08
7.75e-07	5.5e-08	1.5e-08
7.85e-07	5.5e-08	1.5e-08
7.95e-07	5.5e-08	1.5e-08
8.05e-07	5.5e-08	1.5e-08
8.15e-07	5.5e-08	1.5e-08
8.25e-07	5.5e-08	1.5e-08
8.35e-07	5.5e-08	1.5e-08
8.45e-07	5.5e-08	1.5e-08
8.55e-07	5.5e-08	1.5e-08
8.65e-07	5.5e-08	1.5e-08
8.75e-07	5.5e-08	1.5e-08
8.85e-07	5.5e-08	1.5e-08
8.95e-07	5.5e-08	1.5e-08
9.05e-07	5.5e-08	1.5e-08
9.15e-07	5.5e-08	1.5e-08
9.25e-07	5.5e-08	1.5e-08
9.35e-07	5.5e-08	1.5e-08
9.45e-07	5.5e-08	1.5e-08
9.55e-07	5.5e-08	1.5e-08
9.65e-07	5.5e-08	1.5e-08
9.75e-07	5.5e-08	1.5e-08
9.85e-07	5.5e-08	1.5e-08
9.95e-07	5.5e-08	1.5e-08
5e-09	6.5e-08	1.5e-08
1.5e-08	6.5e-08	1.5e-08
2.5e-08	6.5e-08	1.5e-08
3.5e-08	6.5e-08	1.5e-08
4.5e-08	6.5e-08	1.5e-08
5.5e-08	6.5e-08	1.5e-08
6.5e-08	6.5e-08	1.5e-08
7.5e-08	6.5e-08	1.5e-08
8.5e-08	6.5e-08	1.5e-08
9.5e-08	6.5e-08	1.5e-08
1.05e-07	6.5e-08	1.5e-08
1.15e-07	6.5e-08	1.5e-08
1.25e-07	6.5e-08	1.5e-08
1.35e-07	6.5e-08	1.5e-08
1.45e-07	6.5e-08	1.5e-08
1.55e-07	6.5e-08	1.5e-08
1.65e-07	6.5e-08	1.5e-08
1.75e-07	6.5e-08	1.5e-08
1.85e-07	6.5e-08	1.5e-08
1.95e-07	6.5e-08	1.5e-08
2.05e-07	6.5e-08	1.5e-08
2.15e-07	6.5e-08	1.5e-08
2.25e-07	6.5e-08	1.5e-08
2.35e-07	6.5e-08	1.5e-08
2.45e-07	6.5e-08	1.5e-08
2.55e-07	6.5e-08	1.5e-08
2.65e-07	6.5e-08	1.5e-08
2.75e-07	6.5e-08	1.5e-08
2.85e-07	6.5e-08	1.5e-08
2.95e-07	6.5e-08	1.5e-08
3.05e-07	6.5e-08	1.5e-08
3.15e-07	6.5e-08	1.5e-08
3.25e-07	6.5e-08	1.5e-08
3.35e-07	6.5e-08	1.5e-08
3.45e-07	6.5e-08	1.5e-08
3.55e-07	6.5e-08	1.5e-08
3.65e-07	6.5e-08	1.5e-08
3.75e-07	6.5e-08	1.5e-08
3.85e-07	6.5e-08	1.5e-08
3.95e-07	6.5e-08	1.5e-08
4.05e-07	6.5e-08	1.5e-08
4.15e-07	6.5e-08	1.5e-08
4.25e-07	6.5e-08	1.5e-08
4.35e-07	6.5e-08	1.5e-08
4.45e-07	6.5e-08	1.5e-08
4.55e-07	6.5e-08	1.5e-08
4.65e-07	6.5e-08	1.5e-08
4.75e-07	6.5e-08	1.5e-08
4.85e-07	6.5e-08	1.5e-08
4.95e-07	6.5e-08	1.5e-08
5.05e-07	6.5e-08	1.5e-08
5.15e-07	6.5e-08	1.5e-08
5.25e-07	6.5e-08	1.5e-08
5.35e-07	6.5e-08	1.5e-08
5.45e-07	6.5e-08	1.5e-08
5.55e-07	6.5e-08	1.5e-08
5.65e-07	6.5e-08	1.5e-08
5.75e-07	6.5e-08	1.5e-08
5.85e-07	6.5e-08	1.5e-08
5.95e-07	6.5e-08	1.5e-08
6.05e-07	6.5e-08	1.5e-08
6.15e-07	6.5e-08	1.5e-08
6.25e-07	6.5e-08	1.5e-08
6.35e-07	6.5e-08	1.5e-08
6.45e-07	6.5e-08	1.5e-08
6.55e-07	6.5e-08	1.5e-08
6.65e-07	6.5e-08	1.5e-08
6.75e-07	6.5e-08	1.5e-08
6.85e-07	6.5e-08	1.5e-08
6.95e-07	6.5e-08	1.5e-08
7.05e-07	6.5e-08	1.5e-08
7.15e-07	6.5e-08	1.5e-08
7.25e-07	6.5e-08	1.5e-08
7.35e-07	6.5e-08	1.5e-08
7.45e-07	6.5e-08	1.5e-08
7.55e-07	6.5e-08	1.5e-08
7.65e-07	6.5e-08	1.5e-08
7.75e-07	6.5e-08	1.5e-08
7.85e-07	6.5e-08	1.5e-08
7.95e-07	6.5e-08	1.5e-08
8.05e-07	6.5e-08	1.5e-08
8.15e-07	6.5e-08	1.5e-08
8.25e-07	6.5e-08	1.5e-08
8.35e-07	6.5e-08	1.5e-08
8.45e-07	6.5e-08	1.5e-08
8.55e-07	6.5e-08	1.5e-08
8.65e-07	6.5e-08	1.5e-08
8.75e-07	6.5e-08	1.5e-08
8.85e-07	6.5e-08	1.5e-08
8.95e-07	6.5e-08	1.5e-08
9.05e-07	6.5e-08	1.5e-08
9.15e-07	6.5e-08	1.5e-08
9.25e-07	6.5e-08	1.5e-08
9.35e-07	6.5e-08	1.5e-08
9.45e-07	6.5e-08	1.5e-08
9.55e-07	6.5e-08	1.5e-08
9.65e-07	6.5e-08	1.5e-08
9.75e-07	6.5e-08	1.5e-08
9.85e-07	6.5e-08	1.5e-08
9.95e-07	6.5e-08	1.5e-08
5e-09	7.5e-08	1.5e-08
1.5e-08	7.5e-08	1.5e-08
2.5e-08	7.5e-08	1.5e-08
3.5e-08	7.5e-08	1.5e-08
4.5e-08	7.5e-08	1.5e-08
5.5e-08	7.5e-08	1.5e-08
6.5e-08	7.5e-08	1.5e-08
7.5e-08	7.5e-08	1.5e-08
8.5e-08	7.5e-08	1.5e-08
9.5e-08	7.5e-08	1.5e-08
1.05e-07	7.5e-08	1.5e-08
1.15e-07	7.5e-08	1.5e-08
1.25e-07	7.5e-08	1.5e-08
1.35e-07	7.5e-08	1.5e-08
1.45e-07	7.5e-08	1.5e-08
1.55e-07	7.5e-08	1.5e-08
1.65e-07	7.5e-08	1.5e-08
1.75e-07	7.5e-08	1.5e-08
1.85e-07	7.5e-08	1.5e-08
1.95e-07	7.5e-08	1.5e-08
2.05e-07	7.5e-08	1.5e-08
2.15e-07	7.5e-08	1.5e-08
2.25e-07	7.5e-08	1.5e-08
2.35e-07	7.5e-08	1.5e-08
2.45e-07	7.5e-08	1.5e-08
2.55e-07	7.5e-08	1.5e-08
2.65e-07	7.5e-08	1.5e-08
2.75e-07	7.5e-08	1.5e-08
2.85e-07	7.5e-08	1.5e-08
2.95e-07	7.5e-08	1.5e-08
3.05e-07	7.5e-08	1.5e-08
3.15e-07	7.5e-08	1.5e-08
3.25e-07	7.5e-08	1.5e-08
3.35e-07	7.5e-08	1.5e-08
3.45e-07	7.5e-08	1.5e-08
3.55e-07	7.5e-08	1.5e-08
3.65e-07	7.5e-08	1.5e-08
3.75e-07	7.5e-08	1.5e-08
3.85e-07	7.5e-08	1.5e-08
3.95e-07	7.5e-08	1.5e-08
4.05e-07	7.5e-08	1.5e-08
4.15e-07	7.5e-08	1.5e-08
4.25e-07	7.5e-08	1.5e-08
4.35e-07	7.5e-08	1.5e-08
4.45e-07	7.5e-08	1.5e-08
4.55e-07	7.5e-08	1.5e-08
4.65e-07	7.5e-08	1.5e-08
4.75e-07	7.5e-08	1.5e-08
4.85e-07	7.5e-08	1.5e-08
4.95e-07	7.5e-08	1.5e-08
5.05e-07	7.5e-08	1.5e-08
5.15e-07	7.5e-08	1.5e-08
5.25e-07	7.5e-08	1.5e-08
5.35e-07	7.5e-08	1.5e-08
5.45e-07	7.5e-08	1.5e-08
5.55e-07	7.5e-08	1.5e-08
5.65e-07	7.5e-08	1.5e-08
5.75e-07	7.5e-08	1.5e-08
5.85e-07	7.5e-08	1.5e-08
5.95e-07	7.5e-08	1.5e-08
6.05e-07	7.5e-08	1.5e-08
6.15e-07	7.5e-08	1.5e-08
6.25e-07	7.5e-08	1.5e-08
6.35e-07	7.5e-08	1.5e-08
6.45e-07	7.5e-08	1.5e-08
6.55e-07	7.5e-08	1.5e-08
6.65e-07	7.5e-08	1.5e-08
6.75e-07	7.5e-08	1.5e-08
6.85e-07	7.5e-08	1.5e-08
6.95e-07	7.5e-08	1.5e-08
7.05e-07	7.5e-08	1.5e-08
7.15e-07	7.5e-08	1.5e-08
7.25e-07	7.5e-08	1.5e-08
7.35e-07	7.5e-08	1.5e-08
7.45e-07	7.5e-08	1.5e-08
7.55e-07	7.5e-08	1.5e-08
7.65e-07	7.5e-08	1.5e-08
7.75e-07	7.5e-08	1.5e-08
7.85e-07	7.5e-08	1.5e-08
7.95e-07	7.5e-08	1.5e-08
8.05e-07	7.5e-08	1.5e-08
8.15e-07	7.5e-08	1.5e-08
8.25e-07	7.5e-08	1.5e-08
8.35e-07	7.5e-08	1.5e-08
8.45e-07	7.5e-08	1.5e-08
8.55e-07	7.5e-08	1.5e-08
8.65e-07	7.5e-08	1.5e-08
8.75e-07	7.5e-08	1.5e-08
8.85e-07	7.5e-08	1.5e-08
8.95e-07	7.5e-08	1.5e-08
9.05e-07	7.5e-08	1.5e-08
9.15e-07	7.5e-08	1.5e-08
9.25e-07	7.5e-08	1.5e-08
9.35e-07	7.5e-08	1.5e-08
9.45e-07	7.5e-08	1.5e-08
9.55e-07	7.5e-08	1.5e-08
9.65e-07	7.5e-08	1.5e-08
9.75e-07	7.5e-08	1.5e-08
9.85e-07	7.5e-08	1.5e-08
9.95e-07	7.5e-08	1.5e-08
5e-09	8.5e-08	1.5e-08
1.5e-08	8.5e-08	1.5e-08
2.5e-08	8.5e-08	1.5e-08
3.5e-08	8.5e-08	1.5e-08
4.5e-08	8.5e-08	1.5e-08
5.5e-08	8.5e-08	1.5e-08
6.5e-08	8.5e-08	1.5e-08
7.5e-08	8.5e-08	1.5e-08
8.5e-08	8.5e-08	1.5e-08
9.5e-08	8.5e-08	1.5e-08
1.05e-07	8.5e-08	1.5e-08
1.15e-07	8.5e-08	1.5e-08
1.25e-07	8.5e-08	1.5e-08
1.35e-07	8.5e-08	1.5e-08
1.45e-07	8.5e-08	1.5e-08
1.55e-07	8.5e-08	1.5e-08
1.65e-07	8.5e-08	1.5e-08
1.75e-07	8.5e-08	1.5e-08
1.85e-07	8.5e-08	1.5e-08
1.95e-07	8.5e-08	1.5e-08
2.05e-07	8.5e-08	1.5e-08
2.15e-07	8.5e-08	1.5e-08
2.25e-07	8.5e-08	1.5e-08
2.35e-07	8.5e-08	1.5e-08
2.45e-07	8.5e-08	1.5e-08
2.55e-07	8.5e-08	1.5e-08
2.65e-07	8.5e-08	1.5e-08
2.75e-07	8.5e-08	1.5e-08
2.85e-07	8.5e-08	1.5e-08
2.95e-07	8.5e-08	1.5e-08
3.05e-07	8.5e-08	1.5e-08
3.15e-07	8.5e-08	1.5e-08
3.25e-07	8.5e-08	1.5e-08
3.35e-07	8.5e-08	1.5e-08
3.45e-07	8.5e-08	1.5e-08
3.55e-07	8.5e-08	1.5e-08
3.65e-07	8.5e-08	1.5e-08
3.75e-07	8.5e-08	1.5e-08
3.85e-07	8.5e-08	1.5e-08
3.95e-07	8.5e-08	1.5e-08
4.05e-07	8.5e-08	1.5e-08
4.15e-07	8.5e-08	1.5e-08
4.25e-07	8.5e-08	1.5e-08
4.35e-07	8.5e-08	1.5e-08
4.45e-07	8.5e-08	1.5e-08
4.55e-07	8.5e-08	1.5e-08
4.65e-07	8.5e-08	1.5e-08
4.75e-07	8.5e-08	1.5e-08
4.85e-07	8.5e-08	1.5e-08
4.95e-07	8.5e-08	1.5e-08
5.05e-07	8.5e-08	1.5e-08
5.15e-07	8.5e-08	1.5e-08
5.25e-07	8.5e-08	1.5e-08
5.35e-07	8.5e-08	1.5e-08
5.45e-07	8.5e-08	1.5e-08
5.55e-07	8.5e-08	1.5e-08
5.65e-07	8.5e-08	1.5e-08
5.75e-07	8.5e-08	1.5e-08
5.85e-07	8.5e-08	1.5e-08
5.95e-07	8.5e-08	1.5e-08
6.05e-07	8.5e-08	1.5e-08
6.15e-07	8.5e-08	1.5e-08
6.25e-07	8.5e-08	1.5e-08
6.35e-07	8.5e-08	1.5e-08
6.45e-07	8.5e-08	1.5e-08
6.55e-07	8.5e-08	1.5e-08
6.65e-07	8.5e-08	1.5e-08
6.75e-07	8.5e-08	1.5e-08
6.85e-07	8.5e-08	1.5e-08
6.95e-07	8.5e-08	1.5e-08
7.05e-07	8.5e-08	1.5e-08
7.15e-07	8.5e-08	1.5e-08
7.25e-07	8.5e-08	1.5e-08
7.35e-07	8.5e-08	1.5e-08
7.45e-07	8.5e-08	1.5e-08
7.55e-07	8.5e-08	1.5e-08
7.65e-07	8.5e-08	1.5e-08
7.75e-07	8.5e-08	1.5e-08
7.85e-07	8.5e-08	1.5e-08
7.95e-07	8.5e-08	1.5e-08
8.05e-07	8.5e-08	1.5e-08
8.15e-07	8.5e-08	1.5e-08
8.25e-07	8.5e-08	1.5e-08
8.35e-07	8.5e-08	1.5e-08
8.45e-07	8.5e-08	1.5e-08
8.55e-07	8.5e-08	1.5e-08
8.65e-07	8.5e-08	1.5e-08
8.75e-07	8.5e-08	1.5e-08
8.85e-07	8.5e-08	1.5e-08
8.95e-07	8.5e-08	1.5e-08
9.05e-07	8.5e-08	1.5e-08
9.15e-07	8.5e-08	1.5e-08
9.25e-07	8.5e-08	1.5e-08
9.35e-07	8.5e-08	1.5e-08
9.45e-07	8.5e-08	1.5e-08
9.55e-07	8.5e-08	1.5e-08
9.65e-07	8.5e-08	1.5e-08
9.75e-07	8.5e-08	1.5e-08
9.85e-07	8.5e-08	1.5e-08
9.95e-07	8.5e-08	1.5e-08
5e-09	9.5e-08	1.5e-08
1.5e-08	9.5e-08	1.5e-08
2.5e-08	9.5e-08	1.5e-08
3.5e-08	9.5e-08	1.5e-08
4.5e-08	9.5e-08	1.5e-08
5.5e-08	9.5e-08	1.5e-08
6.5e-08	9.5e-08	1.5e-08
7.5e-08	9.5e-08	1.5e-08
8.5e-08	9.5e-08	1.5e-08
9.5e-08	9.5e-08	1.5e-08
1.05e-07	9.5e-08	1.5e-08
1.15e-07	9.5e-08	1.5e-08
1.25e-07	9.5e-08	1.5e-08
1.35e-07	9.5e-08	1.5e-08
1.45e-07	9.5e-08	1.5e-08
1.55e-07	9.5e-08	1.5e-08
1.65e-07	9.5e-08	1.5e-08
1.75e-07	9.5e-08	1.5e-08
1.85e-07	9.5e-08	1.5e-08
1.95e-07	9.5e-08	1.5e-08
2.05e-07	9.5e-08	1.5e-08
2.15e-07	9.5e-08	1.5e-08
2.25e-07	9.5e-08	1.5e-08
2.35e-07	9.5e-08	1.5e-08
2.45e-07	9.5e-08	1.5e-08
2.55e-07	9.5e-08	1.5e-08
2.65e-07	9.5e-08	1.5e-08
2.75e-07	9.5e-08	1.5e-08
2.85e-07	9.5e-08	1.5e-08
2.95e-07	9.5e-08	1.5e-08
3.05e-07	9.5e-08	1.5e-08
3.15e-07	9.5e-08	1.5e-08
3.25e-07	9.5e-08	1.5e-08
3.35e-07	9.5e-08	1.5e-08
3.45e-07	9.5e-08	1.5e-08
3.55e-07	9.5e-08	1.5e-08
3.65e-07	9.5e-08	1.5e-08
3.75e-07	9.5e-08	1.5e-08
3.85e-07	9.5e-08	1.5e-08
3.95e-07	9.5e-08	1.5e-08
4.05e-07	9.5e-08	1.5e-08
4.15e-07	9.5e-08	1.5e-08
4.25e-07	9.5e-08	1.5e-08
4.35e-07	9.5e-08	1.5e-08
4.45e-07	9.5e-08	1.5e-08
4.55e-07	9.5e-08	1.5e-08
4.65e-07	9.5e-08	1.5e-08
4.75e-07	9.5e-08	1.5e-08
4.85e-07	9.5e-08	1.5e-08
4.95e-07	9.5e-08	1.5e-08
5.05e-07	9.5e-08	1.5e-08
5.15e-07	9.5e-08	1.5e-08
5.25e-07	9.5e-08	1.5e-08
5.35e-07	9.5e-08	1.5e-08
5.45e-07	9.5e-08	1.5e-08
5.55e-07	9.5e-08	1.5e-08
5.65e-07	9.5e-08	1.5e-08
5.75e-07	9.5e-08	1.5e-08
5.85e-07	9.5e-08	1.5e-08
5.95e-07	9.5e-08	1.5e-08
6.05e-07	9.5e-08	1.5e-08
6.15e-07	9.5e-08	1.5e-08
6.25e-07	9.5e-08	1.5e-08
6.35e-07	9.5e-08	1.5e-08
6.45e-07	9.5e-08	1.5e-08
6.55e-07	9.5e-08	1.5e-08
6.65e-07	9.5e-08	1.5e-08
6.75e-07	9.5e-08	1.5e-08
6.85e-07	9.5e-08	1.5e-08
6.95e-07	9.5e-08	1.5e-08
7.05e-07	9.5e-08	1.5e-08
7.15e-07	9.5e-08	1.5e-08
7.25e-07	9.5e-08	1.5e-08
7.35e-07	9.5e-08	1.5e-08
7.45e-07	9.5e-08	1.5e-08
7.55e-07	9.5e-08	1.5e-08
7.65e-07	9.5e-08	1.5e-08
7.75e-07	9.5e-08	1.5e-08
7.85e-07	9.5e-08	1.5e-08
7.95e-07	9.5e-08	1.5e-08
8.05e-07	9.5e-08	1.5e-08
8.15e-07	9.5e-08	1.5e-08
8.25e-07	9.5e-08	1.5e-08
8.35e-07	9.5e-08	1.5e-08
8.45e-07	9.5e-08	1.5e-08
8.55e-07	9.5e-08	1.5e-08
8.65e-07	9.5e-08	1.5e-08
8.75e-07	9.5e-08	1.5e-08
8.85e-07	9.5e-08	1.5e-08
8.95e-07	9.5e-08	1.5e-08
9.05e-07	9.5e-08	1.5e-08
9.15e-07	9.5e-08	1.5e-08
9.25e-07	9.5e-08	1.5e-08
9.35e-07	9.5e-08	1.5e-08
9.45e-07	9.5e-08	1.5e-08
9.55e-07	9.5e-08	1.5e-08
9.65e-07	9.5e-08	1.5e-08
9.75e-07	9.5e-08	1.5e-08
9.85e-07	9.5e-08	1.5e-08
9.95e-07	9.5e-08	1.5e-08
1.105e-06	5e-09	5e-09
1.115e-06	5e-09	5e-09
1.125e-06	5e-09	5e-09
1.135e-06	5e-09	5e-09
1.145e-06	5e-09	5e-09
1.155e-06	5e-09	5e-09
1.165e-06	5e-09	5e-09
1.175e-06	5e-09	5e-09
1.185e-06	5e-09	5e-09
1.195e-06	5e-09	5e-09
1.205e-06	5e-09	5e-09
1.215e-06	5e-09	5e-09
1.225e-06	5e-09	5e-09
1.235e-06	5e-09	5e-09
1.245e-06	5e-09	5e-09
1.255e-06	5e-09	5e-09
1.265e-06	5e-09	5e-09
1.275e-06	5e-09	5e-09
1.285e-06	5e-09	5e-09
1.295e-06	5e-09	5e-09
1.305e-06	5e-09	5e-09
1.315e-06	5e-09	5e-09
1.325e-06	5e-09	5e-09
1.335e-06	5e-09	5e-09
1.345e-06	5e-09	5e-09
1.355e-06	5e-09	5e-09
1.365e-06	5e-09	5e-09
1.375e-06	5e-09	5e-09
1.385e-06	5e-09	5e-09
1.395e-06	5e-09	5e-09
1.405e-06	5e-09	5e-09
1.415e-06	5e-09	5e-09
1.425e-06	5e-09	5e-09
1.435e-06	5e-09	5e-09
1.445e-06	5e-09	5e-09
1.455e-06	5e-09	5e-09
1.465e-06	5e-09	5e-09
1.475e-06	5e-09	5e-09
1.485e-06	5e-09	5e-09
1.495e-06	5e-09	5e-09
1.505e-06	5e-09	5e-09
1.515e-06	5e-09	5e-09
1.525e-06	5e-09	5e-09
1.535e-06	5e-09	5e-09
1.545e-06	5e-09	5e-09
1.555e-06	5e-09	5e-09
1.565e-06	5e-09	5e-09
1.575e-06	5e-09	5e-09
1.585e-06	5e-09	5e-09
1.595e-06	5e-09	5e-09
1.605e-06	5e-09	5e-09
1.615e-06	5e-09	5e-09
1.625e-06	5e-09	5e-09
1.635e-06	5e-09	5e-09
1.645e-06	5e-09	5e-09
1.655e-06	5e-09	5e-09
1.665e-06	5e-09	5e-09
1.675e-06	5e-09	5e-09
1.685e-06	5e-09	5e-09
1.695e-06	5e-09	5e-09
1.705e-06	5e-09	5e-09
1.715e-06	5e-09	5e-09
1.725e-06	5e-09	5e-09
1.735e-06	5e-09	5e-09
1.745e-06	5e-09	5e-09
1.755e-06	5e-09	5e-09
1.765e-06	5e-09	5e-09
1.775e-06	5e-09	5e-09
1.785e-06	5e-09	5e-09
1.795e-06	5e-09	5e-09
1.805e-06	5e-09	5e-09
1.815e-06	5e-09	5e-09
1.825e-06	5e-09	5e-09
1.835e-06	5e-09	5e-09
1.845e-06	5e-09	5e-09
1.855e-06	5e-09	5e-09
1.865e-06	5e-09	5e-09
1.875e-06	5e-09	5e-09
1.885e-06	5e-09	5e-09
1.895e-06	5e-09	5e-09
1.905e-06	5e-09	5e-09
1.915e-06	5e-09	5e-09
1.925e-06	5e-09	5e-09
1.935e-06	5e-09	5e-09
1.945e-06	5e-09	5e-09
1.955e-06	5e-09	5e-09
1.965e-06	5e-09	5e-09
1.975e-06	5e-09	5e-09
1.985e-06	5e-09	5e-09
1.995e-06	5e-09	5e-09
2.005e-06	5e-09	5e-09
2.015e-06	5e-09	5e-09
2.025e-06	5e-09	5e-09
2.035e-06	5e-09	5e-09
2.045e-06	5e-09	5e-09
2.055e-06	5e-09	5e-09
2.065e-06	5e-09	5e-09
2.075e-06	5e-09	5e-09
2.085e-06	5e-09	5e-09
2.095e-06	5e-09	5e-09
1.105e-06	1.5e-08	5e-09
1.115e-06	1.5e-08	5e-09
1.125e-06	1.5e-08	5e-09
1.135e-06	1.5e-08	5e-09
1.145e-06	1.5e-08	5e-09
1.155e-06	1.5e-08	5e-09
1.165e-06	1.5e-08	5e-09
1.175e-06	1.5e-08	5e-09
1.185e-06	1.5e-08	5e-09
1.195e-06	1.5e-08	5e-09
1.205e-06	1.5e-08	5e-09
1.215e-06	1.5e-08	5e-09
1.225e-06	1.5e-08	5e-09
1.235e-06	1.5e-08	5e-09
1.245e-06	1.5e-08	5e-09
1.255e-06	1.5e-08	5e-09
1.265e-06	1.5e-08	5e-09
1.275e-06	1.5e-08	5e-09
1.285e-06	1.5e-08	5e-09
1.295e-06	1.5e-08	5e-09
1.305e-06	1.5e-08	5e-09
1.315e-06	1.5e-08	5e-09
1.325e-06	1.5e-08	5e-09
1.335e-06	1.5e-08	5e-09
1.345e-06	1.5e-08	5e-09
1.355e-06	1.5e-08	5e-09
1.365e-06	1.5e-08	5e-09
1.375e-06	1.5e-08	5e-09
1.385e-06	1.5e-08	5e-09
1.395e-06	1.5e-08	5e-09
1.405e-06	1.5e-08	5e-09
1.415e-06	1.5e-08	5e-09
1.425e-06	1.5e-08	5e-09
1.435e-06	1.5e-08	5e-09
1.445e-06	1.5e-08	5e-09
1.455e-06	1.5e-08	5e-09
1.465e-06	1.5e-08	5e-09
1.475e-06	1.5e-08	5e-09
1.485e-06	1.5e-08	5e-09
1.495e-06	1.5e-08	5e-09
1.505e-06	1.5e-08	5e-09
1.515e-06	1.5e-08	5e-09
1.525e-06	1.5e-08	5e-09
1.535e-06	1.5e-08	5e-09
1.545e-06	1.5e-08	5e-09
1.555e-06	1.5e-08	5e-09
1.565e-06	1.5e-08	5e-09
1.575e-06	1.5e-08	5e-09
1.585e-06	1.5e-08	5e-09
1.595e-06	1.5e-08	5e-09
1.605e-06	1.5e-08	5e-09
1.615e-06	1.5e-08	5e-09
1.625e-06	1.5e-08	5e-09
1.635e-06	1.5e-08	5e-09
1.645e-06	1.5e-08	5e-09
1.655e-06	1.5e-08	5e-09
1.665e-06	1.5e-08	5e-09
1.675e-06	1.5e-08	5e-09
1.685e-06	1.5e-08	5e-09
1.695e-06	1.5e-08	5e-09
1.705e-06	1.5e-08	5e-09
1.715e-06	1.5e-08	5e-09
1.725e-06	1.5e-08	5e-09
1.735e-06	1.5e-08	5e-09
1.745e-06	1.5e-08	5e-09
1.755e-06	1.5e-08	5e-09
1.765e-06	1.5e-08	5e-09
1.775e-06	1.5e-08	5e-09
1.785e-06	1.5e-08	5e-09
1.795e-06	1.5e-08	5e-09
1.805e-06	1.5e-08	5e-09
1.815e-06	1.5e-08	5e-09
1.825e-06	1.5e-08	5e-09
1.835e-06	1.5e-08	5e-09
1.845e-06	1.5e-08	5e-09
1.855e-06	1.5e-08	5e-09
1.865e-06	1.5e-08	5e-09
1.875e-06	1.5e-08	5e-09
1.885e-06	1.5e-08	5e-09
1.895e-06	1.5e-08	5e-09
1.905e-06	1.5e-08	5e-09
1.915e-06	1.5e-08	5e-09
1.925e-06	1.5e-08	5e-09
1.935e-06	1.5e-08	5e-09
1.945e-06	1.5e-08	5e-09
1.955e-06	1.5e-08	5e-09
1.965e-06	1.5e-08	5e-09
1.975e-06	1.5e-08	5e-09
1.985e-06	1.5e-08	5e-09
1.995e-06	1.5e-08	5e-09
2.005e-06	1.5e-08	5e-09
2.015e-06	1.5e-08	5e-09
2.025e-06	1.5e-08	5e-09
2.035e-06	1.5e-08	5e-09
2.045e-06	1.5e-08	5e-09
2.055e-06	1.5e-08	5e-09
2.065e-06	1.5e-08	5e-09
2.075e-06	1.5e-08	5e-09
2.085e-06	1.5e-08	5e-09
2.095e-06	1.5e-08	5e-09
1.105e-06	2.5e-08	5e-09
1.115e-06	2.5e-08	5e-09
1.125e-06	2.5e-08	5e-09
1.135e-06	2.5e-08	5e-09
1.145e-06	2.5e-08	5e-09
1.155e-06	2.5e-08	5e-09
1.165e-06	2.5e-08	5e-09
1.175e-06	2.5e-08	5e-09
1.185e-06	2.5e-08	5e-09
1.195e-06	2.5e-08	5e-09
1.205e-06	2.5e-08	5e-09
1.215e-06	2.5e-08	5e-09
1.225e-06	2.5e-08	5e-09
1.235e-06	2.5e-08	5e-09
1.245e-06	2.5e-08	5e-09
1.255e-06	2.5e-08	5e-09
1.265e-06	2.5e-08	5e-09
1.275e-06	2.5e-08	5e-09
1.285e-06	2.5e-08	5e-09
1.295e-06	2.5e-08	5e-09
1.305e-06	2.5e-08	5e-09
1.315e-06	2.5e-08	5e-09
1.325e-06	2.5e-08	5e-09
1.335e-06	2.5e-08	5e-09
1.345e-06	2.5e-08	5e-09
1.355e-06	2.5e-08	5e-09
1.365e-06	2.5e-08	5e-09
1.375e-06	2.5e-08	5e-09
1.385e-06	2.5e-08	5e-09
1.395e-06	2.5e-08	5e-09
1.405e-06	2.5e-08	5e-09
1.415e-06	2.5e-08	5e-09
1.425e-06	2.5e-08	5e-09
1.435e-06	2.5e-08	5e-09
1.445e-06	2.5e-08	5e-09
1.455e-06	2.5e-08	5e-09
1.465e-06	2.5e-08	5e-09
1.475e-06	2.5e-08	5e-09
1.485e-06	2.5e-08	5e-09
1.495e-06	2.5e-08	5e-09
1.505e-06	2.5e-08	5e-09
1.515e-06	2.5e-08	5e-09
1.525e-06	2.5e-08	5e-09
1.535e-06	2.5e-08	5e-09
1.545e-06	2.5e-08	5e-09
1.555e-06	2.5e-08	5e-09
1.565e-06	2.5e-08	5e-09
1.575e-06	2.5e-08	5e-09
1.585e-06	2.5e-08	5e-09
1.595e-06	2.5e-08	5e-09
1.605e-06	2.5e-08	5e-09
1.615e-06	2.5e-08	5e-09
1.625e-06	2.5e-08	5e-09
1.635e-06	2.5e-08	5e-09
1.645e-06	2.5e-08	5e-09
1.655e-06	2.5e-08	5e-09
1.665e-06	2.5e-08	5e-09
1.675e-06	2.5e-08	5e-09
1.685e-06	2.5e-08	5e-09
1.695e-06	2.5e-08	5e-09
1.705e-06	2.5e-08	5e-09
1.715e-06	2.5e-08	5e-09
1.725e-06	2.5e-08	5e-09
1.735e-06	2.5e-08	5e-09
1.745e-06	2.5e-08	5e-09
1.755e-06	2.5e-08	5e-09
1.765e-06	2.5e-08	5e-09
1.775e-06	2.5e-08	5e-09
1.785e-06	2.5e-08	5e-09
1.795e-06	2.5e-08	5e-09
1.805e-06	2.5e-08	5e-09
1.815e-06	2.5e-08	5e-09
1.825e-06	2.5e-08	5e-09
1.835e-06	2.5e-08	5e-09
1.845e-06	2.5e-08	5e-09
1.855e-06	2.5e-08	5e-09
1.865e-06	2.5e-08	5e-09
1.875e-06	2.5e-08	5e-09
1.885e-06	2.5e-08	5e-09
1.895e-06	2.5e-08	5e-09
1.905e-06	2.5e-08	5e-09
1.915e-06	2.5e-08	5e-09
1.925e-06	2.5e-08	5e-09
1.935e-06	2.5e-08	5e-09
1.945e-06	2.5e-08	5e-09
1.955e-06	2.5e-08	5e-09
1.965e-06	2.5e-08	5e-09
1.975e-06	2.5e-08	5e-09
1.985e-06	2.5e-08	5e-09
1.995e-06	2.5e-08	5e-09
2.005e-06	2.5e-08	5e-09
2.015e-06	2.5e-08	5e-09
2.025e-06	2.5e-08	5e-09
2.035e-06	2.5e-08	5e-09
2.045e-06	2.5e-08	5e-09
2.055e-06	2.5e-08	5e-09
2.065e-06	2.5e-08	5e-09
2.075e-06	2.5e-08	5e-09
2.085e-06	2.5e-08	5e-09
2.095e-06	2.5e-08	5e-09
1.105e-06	3.5e-08	5e-09
1.115e-06	3.5e-08	5e-09
1.125e-06	3.5e-08	5e-09
1.135e-06	3.5e-08	5e-09
1.145e-06	3.5e-08	5e-09
1.155e-06	3.5e-08	5e-09
1.165e-06	3.5e-08	5e-09
1.175e-06	3.5e-08	5e-09
1.185e-06	3.5e-08	5e-09
1.195e-06	3.5e-08	5e-09
1.205e-06	3.5e-08	5e-09
1.215e-06	3.5e-08	5e-09
1.225e-06	3.5e-08	5e-09
1.235e-06	3.5e-08	5e-09
1.245e-06	3.5e-08	5e-09
1.255e-06	3.5e-08	5e-09
1.265e-06	3.5e-08	5e-09
1.275e-06	3.5e-08	5e-09
1.285e-06	3.5e-08	5e-09
1.295e-06	3.5e-08	5e-09
1.305e-06	3.5e-08	5e-09
1.315e-06	3.5e-08	5e-09
1.325e-06	3.5e-08	5e-09
1.335e-06	3.5e-08	5e-09
1.345e-06	3.5e-08	5e-09
1.355e-06	3.5e-08	5e-09
1.365e-06	3.5e-08	5e-09
1.375e-06	3.5e-08	5e-09
1.385e-06	3.5e-08	5e-09
1.395e-06	3.5e-08	5e-09
1.405e-06	3.5e-08	5e-09
1.415e-06	3.5e-08	5e-09
1.425e-06	3.5e-08	5e-09
1.435e-06	3.5e-08	5e-09
1.445e-06	3.5e-08	5e-09
1.455e-06	3.5e-08	5e-09
1.465e-06	3.5e-08	5e-09
1.475e-06	3.5e-08	5e-09
1.485e-06	3.5e-08	5e-09
1.495e-06	3.5e-08	5e-09
1.505e-06	3.5e-08	5e-09
1.515e-06	3.5e-08	5e-09
1.525e-06	3.5e-08	5e-09
1.535e-06	3.5e-08	5e-09
1.545e-06	3.5e-08	5e-09
1.555e-06	3.5e-08	5e-09
1.565e-06	3.5e-08	5e-09
1.575e-06	3.5e-08	5e-09
1.585e-06	3.5e-08	5e-09
1.595e-06	3.5e-08	5e-09
1.605e-06	3.5e-08	5e-09
1.615e-06	3.5e-08	5e-09
1.625e-06	3.5e-08	5e-09
1.635e-06	3.5e-08	5e-09
1.645e-06	3.5e-08	5e-09
1.655e-06	3.5e-08	5e-09
1.665e-06	3.5e-08	5e-09
1.675e-06	3.5e-08	5e-09
1.685e-06	3.5e-08	5e-09
1.695e-06	3.5e-08	5e-09
1.705e-06	3.5e-08	5e-09
1.715e-06	3.5e-08	5e-09
1.725e-06	3.5e-08	5e-09
1.735e-06	3.5e-08	5e-09
1.745e-06	3.5e-08	5e-09
1.755e-06	3.5e-08	5e-09
1.765e-06	3.5e-08	5e-09
1.775e-06	3.5e-08	5e-09
1.785e-06	3.5e-08	5e-09
1.795e-06	3.5e-08	5e-09
1.805e-06	3.5e-08	5e-09
1.815e-06	3.5e-08	5e-09
1.825e-06	3.5e-08	5e-09
1.835e-06	3.5e-08	5e-09
1.845e-06	3.5e-08	5e-09
1.855e-06	3.5e-08	5e-09
1.865e-06	3.5e-08	5e-09
1.875e-06	3.5e-08	5e-09
1.885e-06	3.5e-08	5e-09
1.895e-06	3.5e-08	5e-09
1.905e-06	3.5e-08	5e-09
1.915e-06	3.5e-08	5e-09
1.925e-06	3.5e-08	5e-09
1.935e-06	3.5e-08	5e-09
1.945e-06	3.5e-08	5e-09
1.955e-06	3.5e-08	5e-09
1.965e-06	3.5e-08	5e-09
1.975e-06	3.5e-08	5e-09
1.985e-06	3.5e-08	5e-09
1.995e-06	3.5e-08	5e-09
2.005e-06	3.5e-08	5e-09
2.015e-06	3.5e-08	5e-09
2.025e-06	3.5e-08	5e-09
2.035e-06	3.5e-08	5e-09
2.045e-06	3.5e-08	5e-09
2.055e-06	3.5e-08	5e-09
2.065e-06	3.5e-08	5e-09
2.075e-06	3.5e-08	5e-09
2.085e-06	3.5e-08	5e-09
2.095e-06	3.5e-08	5e-09
1.105e-06	4.5e-08	5e-09
1.115e-06	4.5e-08	5e-09
1.125e-06	4.5e-08	5e-09
1.135e-06	4.5e-08	5e-09
1.145e-06	4.5e-08	5e-09
1.155e-06	4.5e-08	5e-09
1.165e-06	4.5e-08	5e-09
1.175e-06	4.5e-08	5e-09
1.185e-06	4.5e-08	5e-09
1.195e-06	4.5e-08	5e-09
1.205e-06	4.5e-08	5e-09
1.215e-06	4.5e-08	5e-09
1.225e-06	4.5e-08	5e-09
1.235e-06	4.5e-08	5e-09
1.245e-06	4.5e-08	5e-09
1.255e-06	4.5e-08	5e-09
1.265e-06	4.5e-08	5e-09
1.275e-06	4.5e-08	5e-09
1.285e-06	4.5e-08	5e-09
1.295e-06	4.5e-08	5e-09
1.305e-06	4.5e-08	5e-09
1.315e-06	4.5e-08	5e-09
1.325e-06	4.5e-08	5e-09
1.335e-06	4.5e-08	5e-09
1.345e-06	4.5e-08	5e-09
1.355e-06	4.5e-08	5e-09
1.365e-06	4.5e-08	5e-09
1.375e-06	4.5e-08	5e-09
1.385e-06	4.5e-08	5e-09
1.395e-06	4.5e-08	5e-09
1.405e-06	4.5e-08	5e-09
1.415e-06	4.5e-08	5e-09
1.425e-06	4.5e-08	5e-09
1.435e-06	4.5e-08	5e-09
1.445e-06	4.5e-08	5e-09
1.455e-06	4.5e-08	5e-09
1.465e-06	4.5e-08	5e-09
1.475e-06	4.5e-08	5e-09
1.485e-06	4.5e-08	5e-09
1.495e-06	4.5e-08	5e-09
1.505e-06	4.5e-08	5e-09
1.515e-06	4.5e-08	5e-09
1.525e-06	4.5e-08	5e-09
1.535e-06	4.5e-08	5e-09
1.545e-06	4.5e-08	5e-09
1.555e-06	4.5e-08	5e-09
1.565e-06	4.5e-08	5e-09
1.575e-06	4.5e-08	5e-09
1.585e-06	4.5e-08	5e-09
1.595e-06	4.5e-08	5e-09
1.605e-06	4.5e-08	5e-09
1.615e-06	4.5e-08	5e-09
1.625e-06	4.5e-08	5e-09
1.635e-06	4.5e-08	5e-09
1.645e-06	4.5e-08	5e-09
1.655e-06	4.5e-08	5e-09
1.665e-06	4.5e-08	5e-09
1.675e-06	4.5e-08	5e-09
1.685e-06	4.5e-08	5e-09
1.695e-06	4.5e-08	5e-09
1.705e-06	4.5e-08	5e-09
1.715e-06	4.5e-08	5e-09
1.725e-06	4.5e-08	5e-09
1.735e-06	4.5e-08	5e-09
1.745e-06	4.5e-08	5e-09
1.755e-06	4.5e-08	5e-09
1.765e-06	4.5e-08	5e-09
1.775e-06	4.5e-08	5e-09
1.785e-06	4.5e-08	5e-09
1.795e-06	4.5e-08	5e-09
1.805e-06	4.5e-08	5e-09
1.815e-06	4.5e-08	5e-09
1.825e-06	4.5e-08	5e-09
1.835e-06	4.5e-08	5e-09
1.845e-06	4.5e-08	5e-09
1.855e-06	4.5e-08	5e-09
1.865e-06	4.5e-08	5e-09
1.875e-06	4.5e-08	5e-09
1.885e-06	4.5e-08	5e-09
1.895e-06	4.5e-08	5e-09
1.905e-06	4.5e-08	5e-09
1.915e-06	4.5e-08	5e-09
1.925e-06	4.5e-08	5e-09
1.935e-06	4.5e-08	5e-09
1.945e-06	4.5e-08	5e-09
1.955e-06	4.5e-08	5e-09
1.965e-06	4.5e-08	5e-09
1.975e-06	4.5e-08	5e-09
1.985e-06	4.5e-08	5e-09
1.995e-06	4.5e-08	5e-09
2.005e-06	4.5e-08	5e-09
2.015e-06	4.5e-08	5e-09
2.025e-06	4.5e-08	5e-09
2.035e-06	4.5e-08	5e-09
2.045e-06	4.5e-08	5e-09
2.055e-06	4.5e-08	5e-09
2.065e-06	4.5e-08	5e-09
2.075e-06	4.5e-08	5e-09
2.085e-06	4.5e-08	5e-09
2.095e-06	4.5e-08	5e-09
1.105e-06	5.5e-08	5e-09
1.115e-06	5.5e-08	5e-09
1.125e-06	5.5e-08	5e-09
1.135e-06	5.5e-08	5e-09
1.145e-06	5.5e-08	5e-09
1.155e-06	5.5e-08	5e-09
1.165e-06	5.5e-08	5e-09
1.175e-06	5.5e-08	5e-09
1.185e-06	5.5e-08	5e-09
1.195e-06	5.5e-08	5e-09
1.205e-06	5.5e-08	5e-09
1.215e-06	5.5e-08	5e-09
1.225e-06	5.5e-08	5e-09
1.235e-06	5.5e-08	5e-09
1.245e-06	5.5e-08	5e-09
1.255e-06	5.5e-08	5e-09
1.265e-06	5.5e-08	5e-09
1.275e-06	5.5e-08	5e-09
1.285e-06	5.5e-08	5e-09
1.295e-06	5.5e-08	5e-09
1.305e-06	5.5e-08	5e-09
1.315e-06	5.5e-08	5e-09
1.325e-06	5.5e-08	5e-09
1.335e-06	5.5e-08	5e-09
1.345e-06	5.5e-08	5e-09
1.355e-06	5.5e-08	5e-09
1.365e-06	5.5e-08	5e-09
1.375e-06	5.5e-08	5e-09
1.385e-06	5.5e-08	5e-09
1.395e-06	5.5e-08	5e-09
1.405e-06	5.5e-08	5e-09
1.415e-06	5.5e-08	5e-09
1.425e-06	5.5e-08	5e-09
1.435e-06	5.5e-08	5e-09
1.445e-06	5.5e-08	5e-09
1.455e-06	5.5e-08	5e-09
1.465e-06	5.5e-08	5e-09
1.475e-06	5.5e-08	5e-09
1.485e-06	5.5e-08	5e-09
1.495e-06	5.5e-08	5e-09
1.505e-06	5.5e-08	5e-09
1.515e-06	5.5e-08	5e-09
1.525e-06	5.5e-08	5e-09
1.535e-06	5.5e-08	5e-09
1.545e-06	5.5e-08	5e-09
1.555e-06	5.5e-08	5e-09
1.565e-06	5.5e-08	5e-09
1.575e-06	5.5e-08	5e-09
1.585e-06	5.5e-08	5e-09
1.595e-06	5.5e-08	5e-09
1.605e-06	5.5e-08	5e-09
1.615e-06	5.5e-08	5e-09
1.625e-06	5.5e-08	5e-09
1.635e-06	5.5e-08	5e-09
1.645e-06	5.5e-08	5e-09
1.655e-06	5.5e-08	5e-09
1.665e-06	5.5e-08	5e-09
1.675e-06	5.5e-08	5e-09
1.685e-06	5.5e-08	5e-09
1.695e-06	5.5e-08	5e-09
1.705e-06	5.5e-08	5e-09
1.715e-06	5.5e-08	5e-09
1.725e-06	5.5e-08	5e-09
1.735e-06	5.5e-08	5e-09
1.745e-06	5.5e-08	5e-09
1.755e-06	5.5e-08	5e-09
1.765e-06	5.5e-08	5e-09
1.775e-06	5.5e-08	5e-09
1.785e-06	5.5e-08	5e-09
1.795e-06	5.5e-08	5e-09
1.805e-06	5.5e-08	5e-09
1.815e-06	5.5e-08	5e-09
1.825e-06	5.5e-08	5e-09
1.835e-06	5.5e-08	5e-09
1.845e-06	5.5e-08	5e-09
1.855e-06	5.5e-08	5e-09
1.865e-06	5.5e-08	5e-09
1.875e-06	5.5e-08	5e-09
1.885e-06	5.5e-08	5e-09
1.895e-06	5.5e-08	5e-09
1.905e-06	5.5e-08	5e-09
1.915e-06	5.5e-08	5e-09
1.925e-06	5.5e-08	5e-09
1.935e-06	5.5e-08	5e-09
1.945e-06	5.5e-08	5e-09
1.955e-06	5.5e-08	5e-09
1.965e-06	5.5e-08	5e-09
1.975e-06	5.5e-08	5e-09
1.985e-06	5.5e-08	5e-09
1.995e-06	5.5e-08	5e-09
2.005e-06	5.5e-08	5e-09
2.015e-06	5.5e-08	5e-09
2.025e-06	5.5e-08	5e-09
2.035e-06	5.5e-08	5e-09
2.045e-06	5.5e-08	5e-09
2.055e-06	5.5e-08	5e-09
2.065e-06	5.5e-08	5e-09
2.075e-06	5.5e-08	5e-09
2.085e-06	5.5e-08	5e-09
2.095e-06	5.5e-08	5e-09
1.105e-06	6.5e-08	5e-09
1.115e-06	6.5e-08	5e-09
1.125e-06	6.5e-08	5e-09
1.135e-06	6.5e-08	5e-09
1.145e-06	6.5e-08	5e-09
1.155e-06	6.5e-08	5e-09
1.165e-06	6.5e-08	5e-09
1.175e-06	6.5e-08	5e-09
1.185e-06	6.5e-08	5e-09
1.195e-06	6.5e-08	5e-09
1.205e-06	6.5e-08	5e-09
1.215e-06	6.5e-08	5e-09
1.225e-06	6.5e-08	5e-09
1.235e-06	6.5e-08	5e-09
1.245e-06	6.5e-08	5e-09
1.255e-06	6.5e-08	5e-09
1.265e-06	6.5e-08	5e-09
1.275e-06	6.5e-08	5e-09
1.285e-06	6.5e-08	5e-09
1.295e-06	6.5e-08	5e-09
1.305e-06	6.5e-08	5e-09
1.315e-06	6.5e-08	5e-09
1.325e-06	6.5e-08	5e-09
1.335e-06	6.5e-08	5e-09
1.345e-06	6.5e-08	5e-09
1.355e-06	6.5e-08	5e-09
1.365e-06	6.5e-08	5e-09
1.375e-06	6.5e-08	5e-09
1.385e-06	6.5e-08	5e-09
1.395e-06	6.5e-08	5e-09
1.405e-06	6.5e-08	5e-09
1.415e-06	6.5e-08	5e-09
1.425e-06	6.5e-08	5e-09
1.435e-06	6.5e-08	5e-09
1.445e-06	6.5e-08	5e-09
1.455e-06	6.5e-08	5e-09
1.465e-06	6.5e-08	5e-09
1.475e-06	6.5e-08	5e-09
1.485e-06	6.5e-08	5e-09
1.495e-06	6.5e-08	5e-09
1.505e-06	6.5e-08	5e-09
1.515e-06	6.5e-08	5e-09
1.525e-06	6.5e-08	5e-09
1.535e-06	6.5e-08	5e-09
1.545e-06	6.5e-08	5e-09
1.555e-06	6.5e-08	5e-09
1.565e-06	6.5e-08	5e-09
1.575e-06	6.5e-08	5e-09
1.585e-06	6.5e-08	5e-09
1.595e-06	6.5e-08	5e-09
1.605e-06	6.5e-08	5e-09
1.615e-06	6.5e-08	5e-09
1.625e-06	6.5e-08	5e-09
1.635e-06	6.5e-08	5e-09
1.645e-06	6.5e-08	5e-09
1.655e-06	6.5e-08	5e-09
1.665e-06	6.5e-08	5e-09
1.675e-06	6.5e-08	5e-09
1.685e-06	6.5e-08	5e-09
1.695e-06	6.5e-08	5e-09
1.705e-06	6.5e-08	5e-09
1.715e-06	6.5e-08	5e-09
1.725e-06	6.5e-08	5e-09
1.735e-06	6.5e-08	5e-09
1.745e-06	6.5e-08	5e-09
1.755e-06	6.5e-08	5e-09
1.765e-06	6.5e-08	5e-09
1.775e-06	6.5e-08	5e-09
1.785e-06	6.5e-08	5e-09
1.795e-06	6.5e-08	5e-09
1.805e-06	6.5e-08	5e-09
1.815e-06	6.5e-08	5e-09
1.825e-06	6.5e-08	5e-09
1.835e-06	6.5e-08	5e-09
1.845e-06	6.5e-08	5e-09
1.855e-06	6.5e-08	5e-09
1.865e-06	6.5e-08	5e-09
1.875e-06	6.5e-08	5e-09
1.885e-06	6.5e-08	5e-09
1.895e-06	6.5e-08	5e-09
1.905e-06	6.5e-08	5e-09
1.915e-06	6.5e-08	5e-09
1.925e-06	6.5e-08	5e-09
1.935e-06	6.5e-08	5e-09
1.945e-06	6.5e-08	5e-09
1.955e-06	6.5e-08	5e-09
1.965e-06	6.5e-08	5e-09
1.975e-06	6.5e-08	5e-09
1.985e-06	6.5e-08	5e-09
1.995e-06	6.5e-08	5e-09
2.005e-06	6.5e-08	5e-09
2.015e-06	6.5e-08	5e-09
2.025e-06	6.5e-08	5e-09
2.035e-06	6.5e-08	5e-09
2.045e-06	6.5e-08	5e-09
2.055e-06	6.5e-08	5e-09
2.065e-06	6.5e-08	5e-09
2.075e-06	6.5e-08	5e-09
2.085e-06	6.5e-08	5e-09
2.095e-06	6.5e-08	5e-09
1.105e-06	7.5e-08	5e-09
1.115e-06	7.5e-08	5e-09
1.125e-06	7.5e-08	5e-09
1.135e-06	7.5e-08	5e-09
1.145e-06	7.5e-08	5e-09
1.155e-06	7.5e-08	5e-09
1.165e-06	7.5e-08	5e-09
1.175e-06	7.5e-08	5e-09
1.185e-06	7.5e-08	5e-09
1.195e-06	7.5e-08	5e-09
1.205e-06	7.5e-08	5e-09
1.215e-06	7.5e-08	5e-09
1.225e-06	7.5e-08	5e-09
1.235e-06	7.5e-08	5e-09
1.245e-06	7.5e-08	5e-09
1.255e-06	7.5e-08	5e-09
1.265e-06	7.5e-08	5e-09
1.275e-06	7.5e-08	5e-09
1.285e-06	7.5e-08	5e-09
1.295e-06	7.5e-08	5e-09
1.305e-06	7.5e-08	5e-09
1.315e-06	7.5e-08	5e-09
1.325e-06	7.5e-08	5e-09
1.335e-06	7.5e-08	5e-09
1.345e-06	7.5e-08	5e-09
1.355e-06	7.5e-08	5e-09
1.365e-06	7.5e-08	5e-09
1.375e-06	7.5e-08	5e-09
1.385e-06	7.5e-08	5e-09
1.395e-06	7.5e-08	5e-09
1.405e-06	7.5e-08	5e-09
1.415e-06	7.5e-08	5e-09
1.425e-06	7.5e-08	5e-09
1.435e-06	7.5e-08	5e-09
1.445e-06	7.5e-08	5e-09
1.455e-06	7.5e-08	5e-09
1.465e-06	7.5e-08	5e-09
1.475e-06	7.5e-08	5e-09
1.485e-06	7.5e-08	5e-09
1.495e-06	7.5e-08	5e-09
1.505e-06	7.5e-08	5e-09
1.515e-06	7.5e-08	5e-09
1.525e-06	7.5e-08	5e-09
1.535e-06	7.5e-08	5e-09
1.545e-06	7.5e-08	5e-09
1.555e-06	7.5e-08	5e-09
1.565e-06	7.5e-08	5e-09
1.575e-06	7.5e-08	5e-09
1.585e-06	7.5e-08	5e-09
1.595e-06	7.5e-08	5e-09
1.605e-06	7.5e-08	5e-09
1.615e-06	7.5e-08	5e-09
1.625e-06	7.5e-08	5e-09
1.635e-06	7.5e-08	5e-09
1.645e-06	7.5e-08	5e-09
1.655e-06	7.5e-08	5e-09
1.665e-06	7.5e-08	5e-09
1.675e-06	7.5e-08	5e-09
1.685e-06	7.5e-08	5e-09
1.695e-06	7.5e-08	5e-09
1.705e-06	7.5e-08	5e-09
1.715e-06	7.5e-08	5e-09
1.725e-06	7.5e-08	5e-09
1.735e-06	7.5e-08	5e-09
1.745e-06	7.5e-08	5e-09
1.755e-06	7.5e-08	5e-09
1.765e-06	7.5e-08	5e-09
1.775e-06	7.5e-08	5e-09
1.785e-06	7.5e-08	5e-09
1.795e-06	7.5e-08	5e-09
1.805e-06	7.5e-08	5e-09
1.815e-06	7.5e-08	5e-09
1.825e-06	7.5e-08	5e-09
1.835e-06	7.5e-08	5e-09
1.845e-06	7.5e-08	5e-09
1.855e-06	7.5e-08	5e-09
1.865e-06	7.5e-08	5e-09
1.875e-06	7.5e-08	5e-09
1.885e-06	7.5e-08	5e-09
1.895e-06	7.5e-08	5e-09
1.905e-06	7.5e-08	5e-09
1.915e-06	7.5e-08	5e-09
1.925e-06	7.5e-08	5e-09
1.935e-06	7.5e-08	5e-09
1.945e-06	7.5e-08	5e-09
1.955e-06	7.5e-08	5e-09
1.965e-06	7.5e-08	5e-09
1.975e-06	7.5e-08	5e-09
1.985e-06	7.5e-08	5e-09
1.995e-06	7.5e-08	5e-09
2.005e-06	7.5e-08	5e-09
2.015e-06	7.5e-08	5e-09
2.025e-06	7.5e-08	5e-09
2.035e-06	7.5e-08	5e-09
2.045e-06	7.5e-08	5e-09
2.055e-06	7.5e-08	5e-09
2.065e-06	7.5e-08	5e-09
2.075e-06	7.5e-08	5e-09
2.085e-06	7.5e-08	5e-09
2.095e-06	7.5e-08	5e-09
1.105e-06	8.5e-08	5e-09
1.115e-06	8.5e-08	5e-09
1.125e-06	8.5e-08	5e-09
1.135e-06	8.5e-08	5e-09
1.145e-06	8.5e-08	5e-09
1.155e-06	8.5e-08	5e-09
1.165e-06	8.5e-08	5e-09
1.175e-06	8.5e-08	5e-09
1.185e-06	8.5e-08	5e-09
1.195e-06	8.5e-08	5e-09
1.205e-06	8.5e-08	5e-09
1.215e-06	8.5e-08	5e-09
1.225e-06	8.5e-08	5e-09
1.235e-06	8.5e-08	5e-09
1.245e-06	8.5e-08	5e-09
1.255e-06	8.5e-08	5e-09
1.265e-06	8.5e-08	5e-09
1.275e-06	8.5e-08	5e-09
1.285e-06	8.5e-08	5e-09
1.295e-06	8.5e-08	5e-09
1.305e-06	8.5e-08	5e-09
1.315e-06	8.5e-08	5e-09
1.325e-06	8.5e-08	5e-09
1.335e-06	8.5e-08	5e-09
1.345e-06	8.5e-08	5e-09
1.355e-06	8.5e-08	5e-09
1.365e-06	8.5e-08	5e-09
1.375e-06	8.5e-08	5e-09
1.385e-06	8.5e-08	5e-09
1.395e-06	8.5e-08	5e-09
1.405e-06	8.5e-08	5e-09
1.415e-06	8.5e-08	5e-09
1.425e-06	8.5e-08	5e-09
1.435e-06	8.5e-08	5e-09
1.445e-06	8.5e-08	5e-09
1.455e-06	8.5e-08	5e-09
1.465e-06	8.5e-08	5e-09
1.475e-06	8.5e-08	5e-09
1.485e-06	8.5e-08	5e-09
1.495e-06	8.5e-08	5e-09
1.505e-06	8.5e-08	5e-09
1.515e-06	8.5e-08	5e-09
1.525e-06	8.5e-08	5e-09
1.535e-06	8.5e-08	5e-09
1.545e-06	8.5e-08	5e-09
1.555e-06	8.5e-08	5e-09
1.565e-06	8.5e-08	5e-09
1.575e-06	8.5e-08	5e-09
1.585e-06	8.5e-08	5e-09
1.595e-06	8.5e-08	5e-09
1.605e-06	8.5e-08	5e-09
1.615e-06	8.5e-08	5e-09
1.625e-06	8.5e-08	5e-09
1.635e-06	8.5e-08	5e-09
1.645e-06	8.5e-08	5e-09
1.655e-06	8.5e-08	5e-09
1.665e-06	8.5e-08	5e-09
1.675e-06	8.5e-08	5e-09
1.685e-06	8.5e-08	5e-09
1.695e-06	8.5e-08	5e-09
1.705e-06	8.5e-08	5e-09
1.715e-06	8.5e-08	5e-09
1.725e-06	8.5e-08	5e-09
1.735e-06	8.5e-08	5e-09
1.745e-06	8.5e-08	5e-09
1.755e-06	8.5e-08	5e-09
1.765e-06	8.5e-08	5e-09
1.775e-06	8.5e-08	5e-09
1.785e-06	8.5e-08	5e-09
1.795e-06	8.5e-08	5e-09
1.805e-06	8.5e-08	5e-09
1.815e-06	8.5e-08	5e-09
1.825e-06	8.5e-08	5e-09
1.835e-06	8.5e-08	5e-09
1.845e-06	8.5e-08	5e-09
1.855e-06	8.5e-08	5e-09
1.865e-06	8.5e-08	5e-09
1.875e-06	8.5e-08	5e-09
1.885e-06	8.5e-08	5e-09
1.895e-06	8.5e-08	5e-09
1.905e-06	8.5e-08	5e-09
1.915e-06	8.5e-08	5e-09
1.925e-06	8.5e-08	5e-09
1.935e-06	8.5e-08	5e-09
1.945e-06	8.5e-08	5e-09
1.955e-06	8.5e-08	5e-09
1.965e-06	8.5e-08	5e-09
1.975e-06	8.5e-08	5e-09
1.985e-06	8.5e-08	5e-09
1.995e-06	8.5e-08	5e-09
2.005e-06	8.5e-08	5e-09
2.015e-06	8.5e-08	5e-09
2.025e-06	8.5e-08	5e-09
2.035e-06	8.5e-08	5e-09
2.045e-06	8.5e-08	5e-09
2.055e-06	8.5e-08	5e-09
2.065e-06	8.5e-08	5e-09
2.075e-06	8.5e-08	5e-09
2.085e-06	8.5e-08	5e-09
2.095e-06	8.5e-08	5e-09
1.105e-06	9.5e-08	5e-09
1.115e-06	9.5e-08	5e-09
1.125e-06	9.5e-08	5e-09
1.135e-06	9.5e-08	5e-09
1.145e-06	9.5e-08	5e-09
1.155e-06	9.5e-08	5e-09
1.165e-06	9.5e-08	5e-09
1.175e-06	9.5e-08	5e-09
1.185e-06	9.5e-08	5e-09
1.195e-06	9.5e-08	5e-09
1.205e-06	9.5e-08	5e-09
1.215e-06	9.5e-08	5e-09
1.225e-06	9.5e-08	5e-09
1.235e-06	9.5e-08	5e-09
1.245e-06	9.5e-08	5e-09
1.255e-06	9.5e-08	5e-09
1.265e-06	9.5e-08	5e-09
1.275e-06	9.5e-08	5e-09
1.285e-06	9.5e-08	5e-09
1.295e-06	9.5e-08	5e-09
1.305e-06	9.5e-08	5e-09
1.315e-06	9.5e-08	5e-09
1.325e-06	9.5e-08	5e-09
1.335e-06	9.5e-08	5e-09
1.345e-06	9.5e-08	5e-09
1.355e-06	9.5e-08	5e-09
1.365e-06	9.5e-08	5e-09
1.375e-06	9.5e-08	5e-09
1.385e-06	9.5e-08	5e-09
1.395e-06	9.5e-08	5e-09
1.405e-06	9.5e-08	5e-09
1.415e-06	9.5e-08	5e-09
1.425e-06	9.5e-08	5e-09
1.435e-06	9.5e-08	5e-09
1.445e-06	9.5e-08	5e-09
1.455e-06	9.5e-08	5e-09
1.465e-06	9.5e-08	5e-09
1.475e-06	9.5e-08	5e-09
1.485e-06	9.5e-08	5e-09
1.495e-06	9.5e-08	5e-09
1.505e-06	9.5e-08	5e-09
1.515e-06	9.5e-08	5e-09
1.525e-06	9.5e-08	5e-09
1.535e-06	9.5e-08	5e-09
1.545e-06	9.5e-08	5e-09
1.555e-06	9.5e-08	5e-09
1.565e-06	9.5e-08	5e-09
1.575e-06	9.5e-08	5e-09
1.585e-06	9.5e-08	5e-09
1.595e-06	9.5e-08	5e-09
1.605e-06	9.5e-08	5e-09
1.615e-06	9.5e-08	5e-09
1.625e-06	9.5e-08	5e-09
1.635e-06	9.5e-08	5e-09
1.645e-06	9.5e-08	5e-09
1.655e-06	9.5e-08	5e-09
1.665e-06	9.5e-08	5e-09
1.675e-06	9.5e-08	5e-09
1.685e-06	9.5e-08	5e-09
1.695e-06	9.5e-08	5e-09
1.705e-06	9.5e-08	5e-09
1.715e-06	9.5e-08	5e-09
1.725e-06	9.5e-08	5e-09
1.735e-06	9.5e-08	5e-09
1.745e-06	9.5e-08	5e-09
1.755e-06	9.5e-08	5e-09
1.765e-06	9.5e-08	5e-09
1.775e-06	9.5e-08	5e-09
1.785e-06	9.5e-08	5e-09
1.795e-06	9.5e-08	5e-09
1.805e-06	9.5e-08	5e-09
1.815e-06	9.5e-08	5e-09
1.825e-06	9.5e-08	5e-09
1.835e-06	9.5e-08	5e-09
1.845e-06	9.5e-08	5e-09
1.855e-06	9.5e-08	5e-09
1.865e-06	9.5e-08	5e-09
1.875e-06	9.5e-08	5e-09
1.885e-06	9.5e-08	5e-09
1.895e-06	9.5e-08	5e-09
1.905e-06	9.5e-08	5e-09
1.915e-06	9.5e-08	5e-09
1.925e-06	9.5e-08	5e-09
1.935e-06	9.5e-08	5e-09
1.945e-06	9.5e-08	5e-09
1.955e-06	9.5e-08	5e-09
1.965e-06	9.5e-08	5e-09
1.975e-06	9.5e-08	5e-09
1.985e-06	9.5e-08	5e-09
1.995e-06	9.5e-08	5e-09
2.005e-06	9.5e-08	5e-09
2.015e-06	9.5e-08	5e-09
2.025e-06	9.5e-08	5e-09
2.035e-06	9.5e-08	5e-09
2.045e-06	9.5e-08	5e-09
2.055e-06	9.5e-08	5e-09
2.065e-06	9.5e-08	5e-09
2.075e-06	9.5e-08	5e-09
2.085e-06	9.5e-08	5e-09
2.095e-06	9.5e-08	5e-09
1.105e-06	5e-09	1.5e-08
1.115e-06	5e-09	1.5e-08
1.125e-06	5e-09	1.5e-08
1.135e-06	5e-09	1.5e-08
1.145e-06	5e-09	1.5e-08
1.155e-06	5e-09	1.5e-08
1.165e-06	5e-09	1.5e-08
1.175e-06	5e-09	1.5e-08
1.185e-06	5e-09	1.5e-08
1.195e-06	5e-09	1.5e-08
1.205e-06	5e-09	1.5e-08
1.215e-06	5e-09	1.5e-08
1.225e-06	5e-09	1.5e-08
1.235e-06	5e-09	1.5e-08
1.245e-06	5e-09	1.5e-08
1.255e-06	5e-09	1.5e-08
1.265e-06	5e-09	1.5e-08
1.275e-06	5e-09	1.5e-08
1.285e-06	5e-09	1.5e-08
1.295e-06	5e-09	1.5e-08
1.305e-06	5e-09	1.5e-08
1.315e-06	5e-09	1.5e-08
1.325e-06	5e-09	1.5e-08
1.335e-06	5e-09	1.5e-08
1.345e-06	5e-09	1.5e-08
1.355e-06	5e-09	1.5e-08
1.365e-06	5e-09	1.5e-08
1.375e-06	5e-09	1.5e-08
1.385e-06	5e-09	1.5e-08
1.395e-06	5e-09	1.5e-08
1.405e-06	5e-09	1.5e-08
1.415e-06	5e-09	1.5e-08
1.425e-06	5e-09	1.5e-08
1.435e-06	5e-09	1.5e-08
1.445e-06	5e-09	1.5e-08
1.455e-06	5e-09	1.5e-08
1.465e-06	5e-09	1.5e-08
1.475e-06	5e-09	1.5e-08
1.485e-06	5e-09	1.5e-08
1.495e-06	5e-09	1.5e-08
1.505e-06	5e-09	1.5e-08
1.515e-06	5e-09	1.5e-08
1.525e-06	5e-09	1.5e-08
1.535e-06	5e-09	1.5e-08
1.545e-06	5e-09	1.5e-08
1.555e-06	5e-09	1.5e-08
1.565e-06	5e-09	1.5e-08
1.575e-06	5e-09	1.5e-08
1.585e-06	5e-09	1.5e-08
1.595e-06	5e-09	1.5e-08
1.605e-06	5e-09	1.5e-08
1.615e-06	5e-09	1.5e-08
1.625e-06	5e-09	1.5e-08
1.635e-06	5e-09	1.5e-08
1.645e-06	5e-09	1.5e-08
1.655e-06	5e-09	1.5e-08
1.665e-06	5e-09	1.5e-08
1.675e-06	5e-09	1.5e-08
1.685e-06	5e-09	1.5e-08
1.695e-06	5e-09	1.5e-08
1.705e-06	5e-09	1.5e-08
1.715e-06	5e-09	1.5e-08
1.725e-06	5e-09	1.5e-08
1.735e-06	5e-09	1.5e-08
1.745e-06	5e-09	1.5e-08
1.755e-06	5e-09	1.5e-08
1.765e-06	5e-09	1.5e-08
1.775e-06	5e-09	1.5e-08
1.785e-06	5e-09	1.5e-08
1.795e-06	5e-09	1.5e-08
1.805e-06	5e-09	1.5e-08
1.815e-06	5e-09	1.5e-08
1.825e-06	5e-09	1.5e-08
1.835e-06	5e-09	1.5e-08
1.845e-06	5e-09	1.5e-08
1.855e-06	5e-09	1.5e-08
1.865e-06	5e-09	1.5e-08
1.875e-06	5e-09	1.5e-08
1.885e-06	5e-09	1.5e-08
1.895e-06	5e-09	1.5e-08
1.905e-06	5e-09	1.5e-08
1.915e-06	5e-09	1.5e-08
1.925e-06	5e-09	1.5e-08
1.935e-06	5e-09	1.5e-08
1.945e-06	5e-09	1.5e-08
1.955e-06	5e-09	1.5e-08
1.965e-06	5e-09	1.5e-08
1.975e-06	5e-09	1.5e-08
1.985e-06	5e-09	1.5e-08
1.995e-06	5e-09	1.5e-08
2.005e-06	5e-09	1.5e-08
2.015e-06	5e-09	1.5e-08
2.025e-06	5e-09	1.5e-08
2.035e-06	5e-09	1.5e-08
2.045e-06	5e-09	1.5e-08
2.055e-06	5e-09	1.5e-08
2.065e-06	5e-09	1.5e-08
2.075e-06	5e-09	1.5e-08
2.085e-06	5e-09	1.5e-08
2.095e-06	5e-09	1.5e-08
1.105e-06	1.5e-08	1.5e-08
1.115e-06	1.5e-08	1.5e-08
1.125e-06	1.5e-08	1.5e-08
1.135e-06	1.5e-08	1.5e-08
1.145e-06	1.5e-08	1.5e-08
1.155e-06	1.5e-08	1.5e-08
1.165e-06	1.5e-08	1.5e-08
1.175e-06	1.5e-08	1.5e-08
1.185e-06	1.5e-08	1.5e-08
1.195e-06	1.5e-08	1.5e-08
1.205e-06	1.5e-08	1.5e-08
1.215e-06	1.5e-08	1.5e-08
1.225e-06	1.5e-08	1.5e-08
1.235e-06	1.5e-08	1.5e-08
1.245e-06	1.5e-08	1.5e-08
1.255e-06	1.5e-08	1.5e-08
1.265e-06	1.5e-08	1.5e-08
1.275e-06	1.5e-08	1.5e-08
1.285e-06	1.5e-08	1.5e-08
1.295e-06	1.5e-08	1.5e-08
1.305e-06	1.5e-08	1.5e-08
1.315e-06	1.5e-08	1.5e-08
1.325e-06	1.5e-08	1.5e-08
1.335e-06	1.5e-08	1.5e-08
1.345e-06	1.5e-08	1.5e-08
1.355e-06	1.5e-08	1.5e-08
1.365e-06	1.5e-08	1.5e-08
1.375e-06	1.5e-08	1.5e-08
1.385e-06	1.5e-08	1.5e-08
1.395e-06	1.5e-08	1.5e-08
1.405e-06	1.5e-08	1.5e-08
1.415e-06	1.5e-08	1.5e-08
1.425e-06	1.5e-08	1.5e-08
1.435e-06	1.5e-08	1.5e-08
1.445e-06	1.5e-08	1.5e-08
1.455e-06	1.5e-08	1.5e-08
1.465e-06	1.5e-08	1.5e-08
1.475e-06	1.5e-08	1.5e-08
1.485e-06	1.5e-08	1.5e-08
1.495e-06	1.5e-08	1.5e-08
1.505e-06	1.5e-08	1.5e-08
1.515e-06	1.5e-08	1.5e-08
1.525e-06	1.5e-08	1.5e-08
1.535e-06	1.5e-08	1.5e-08
1.545e-06	1.5e-08	1.5e-08
1.555e-06	1.5e-08	1.5e-08
1.565e-06	1.5e-08	1.5e-08
1.575e-06	1.5e-08	1.5e-08
1.585e-06	1.5e-08	1.5e-08
1.595e-06	1.5e-08	1.5e-08
1.605e-06	1.5e-08	1.5e-08
1.615e-06	1.5e-08	1.5e-08
1.625e-06	1.5e-08	1.5e-08
1.635e-06	1.5e-08	1.5e-08
1.645e-06	1.5e-08	1.5e-08
1.655e-06	1.5e-08	1.5e-08
1.665e-06	1.5e-08	1.5e-08
1.675e-06	1.5e-08	1.5e-08
1.685e-06	1.5e-08	1.5e-08
1.695e-06	1.5e-08	1.5e-08
1.705e-06	1.5e-08	1.5e-08
1.715e-06	1.5e-08	1.5e-08
1.725e-06	1.5e-08	1.5e-08
1.735e-06	1.5e-08	1.5e-08
1.745e-06	1.5e-08	1.5e-08
1.755e-06	1.5e-08	1.5e-08
1.765e-06	1.5e-08	1.5e-08
1.775e-06	1.5e-08	1.5e-08
1.785e-06	1.5e-08	1.5e-08
1.795e-06	1.5e-08	1.5e-08
1.805e-06	1.5e-08	1.5e-08
1.815e-06	1.5e-08	1.5e-08
1.825e-06	1.5e-08	1.5e-08
1.835e-06	1.5e-08	1.5e-08
1.845e-06	1.5e-08	1.5e-08
1.855e-06	1.5e-08	1.5e-08
1.865e-06	1.5e-08	1.5e-08
1.875e-06	1.5e-08	1.5e-08
1.885e-06	1.5e-08	1.5e-08
1.895e-06	1.5e-08	1.5e-08
1.905e-06	1.5e-08	1.5e-08
1.915e-06	1.5e-08	1.5e-08
1.925e-06	1.5e-08	1.5e-08
1.935e-06	1.5e-08	1.5e-08
1.945e-06	1.5e-08	1.5e-08
1.955e-06	1.5e-08	1.5e-08
1.965e-06	1.5e-08	1.5e-08
1.975e-06	1.5e-08	1.5e-08
1.985e-06	1.5e-08	1.5e-08
1.995e-06	1.5e-08	1.5e-08
2.005e-06	1.5e-08	1.5e-08
2.015e-06	1.5e-08	1.5e-08
2.025e-06	1.5e-08	1.5e-08
2.035e-06	1.5e-08	1.5e-08
2.045e-06	1.5e-08	1.5e-08
2.055e-06	1.5e-08	1.5e-08
2.065e-06	1.5e-08	1.5e-08
2.075e-06	1.5e-08	1.5e-08
2.085e-06	1.5e-08	1.5e-08
2.095e-06	1.5e-08	1.5e-08
1.105e-06	2.5e-08	1.5e-08
1.115e-06	2.5e-08	1.5e-08
1.125e-06	2.5e-08	1.5e-08
1.135e-06	2.5e-08	1.5e-08
1.145e-06	2.5e-08	1.5e-08
1.155e-06	2.5e-08	1.5e-08
1.165e-06	2.5e-08	1.5e-08
1.175e-06	2.5e-08	1.5e-08
1.185e-06	2.5e-08	1.5e-08
1.195e-06	2.5e-08	1.5e-08
1.205e-06	2.5e-08	1.5e-08
1.215e-06	2.5e-08	1.5e-08
1.225e-06	2.5e-08	1.5e-08
1.235e-06	2.5e-08	1.5e-08
1.245e-06	2.5e-08	1.5e-08
1.255e-06	2.5e-08	1.5e-08
1.265e-06	2.5e-08	1.5e-08
1.275e-06	2.5e-08	1.5e-08
1.285e-06	2.5e-08	1.5e-08
1.295e-06	2.5e-08	1.5e-08
1.305e-06	2.5e-08	1.5e-08
1.315e-06	2.5e-08	1.5e-08
1.325e-06	2.5e-08	1.5e-08
1.335e-06	2.5e-08	1.5e-08
1.345e-06	2.5e-08	1.5e-08
1.355e-06	2.5e-08	1.5e-08
1.365e-06	2.5e-08	1.5e-08
1.375e-06	2.5e-08	1.5e-08
1.385e-06	2.5e-08	1.5e-08
1.395e-06	2.5e-08	1.5e-08
1.405e-06	2.5e-08	1.5e-08
1.415e-06	2.5e-08	1.5e-08
1.425e-06	2.5e-08	1.5e-08
1.435e-06	2.5e-08	1.5e-08
1.445e-06	2.5e-08	1.5e-08
1.455e-06	2.5e-08	1.5e-08
1.465e-06	2.5e-08	1.5e-08
1.475e-06	2.5e-08	1.5e-08
1.485e-06	2.5e-08	1.5e-08
1.495e-06	2.5e-08	1.5e-08
1.505e-06	2.5e-08	1.5e-08
1.515e-06	2.5e-08	1.5e-08
1.525e-06	2.5e-08	1.5e-08
1.535e-06	2.5e-08	1.5e-08
1.545e-06	2.5e-08	1.5e-08
1.555e-06	2.5e-08	1.5e-08
1.565e-06	2.5e-08	1.5e-08
1.575e-06	2.5e-08	1.5e-08
1.585e-06	2.5e-08	1.5e-08
1.595e-06	2.5e-08	1.5e-08
1.605e-06	2.5e-08	1.5e-08
1.615e-06	2.5e-08	1.5e-08
1.625e-06	2.5e-08	1.5e-08
1.635e-06	2.5e-08	1.5e-08
1.645e-06	2.5e-08	1.5e-08
1.655e-06	2.5e-08	1.5e-08
1.665e-06	2.5e-08	1.5e-08
1.675e-06	2.5e-08	1.5e-08
1.685e-06	2.5e-08	1.5e-08
1.695e-06	2.5e-08	1.5e-08
1.705e-06	2.5e-08	1.5e-08
1.715e-06	2.5e-08	1.5e-08
1.725e-06	2.5e-08	1.5e-08
1.735e-06	2.5e-08	1.5e-08
1.745e-06	2.5e-08	1.5e-08
1.755e-06	2.5e-08	1.5e-08
1.765e-06	2.5e-08	1.5e-08
1.775e-06	2.5e-08	1.5e-08
1.785e-06	2.5e-08	1.5e-08
1.795e-06	2.5e-08	1.5e-08
1.805e-06	2.5e-08	1.5e-08
1.815e-06	2.5e-08	1.5e-08
1.825e-06	2.5e-08	1.5e-08
1.835e-06	2.5e-08	1.5e-08
1.845e-06	2.5e-08	1.5e-08
1.855e-06	2.5e-08	1.5e-08
1.865e-06	2.5e-08	1.5e-08
1.875e-06	2.5e-08	1.5e-08
1.885e-06	2.5e-08	1.5e-08
1.895e-06	2.5e-08	1.5e-08
1.905e-06	2.5e-08	1.5e-08
1.915e-06	2.5e-08	1.5e-08
1.925e-06	2.5e-08	1.5e-08
1.935e-06	2.5e-08	1.5e-08
1.945e-06	2.5e-08	1.5e-08
1.955e-06	2.5e-08	1.5e-08
1.965e-06	2.5e-08	1.5e-08
1.975e-06	2.5e-08	1.5e-08
1.985e-06	2.5e-08	1.5e-08
1.995e-06	2.5e-08	1.5e-08
2.005e-06	2.5e-08	1.5e-08
2.015e-06	2.5e-08	1.5e-08
2.025e-06	2.5e-08	1.5e-08
2.035e-06	2.5e-08	1.5e-08
2.045e-06	2.5e-08	1.5e-08
2.055e-06	2.5e-08	1.5e-08
2.065e-06	2.5e-08	1.5e-08
2.075e-06	2.5e-08	1.5e-08
2.085e-06	2.5e-08	1.5e-08
2.095e-06	2.5e-08	1.5e-08
1.105e-06	3.5e-08	1.5e-08
1.115e-06	3.5e-08	1.5e-08
1.125e-06	3.5e-08	1.5e-08
1.135e-06	3.5e-08	1.5e-08
1.145e-06	3.5e-08	1.5e-08
1.155e-06	3.5e-08	1.5e-08
1.165e-06	3.5e-08	1.5e-08
1.175e-06	3.5e-08	1.5e-08
1.185e-06	3.5e-08	1.5e-08
1.195e-06	3.5e-08	1.5e-08
1.205e-06	3.5e-08	1.5e-08
1.215e-06	3.5e-08	1.5e-08
1.225e-06	3.5e-08	1.5e-08
1.235e-06	3.5e-08	1.5e-08
1.245e-06	3.5e-08	1.5e-08
1.255e-06	3.5e-08	1.5e-08
1.265e-06	3.5e-08	1.5e-08
1.275e-06	3.5e-08	1.5e-08
1.285e-06	3.5e-08	1.5e-08
1.295e-06	3.5e-08	1.5e-08
1.305e-06	3.5e-08	1.5e-08
1.315e-06	3.5e-08	1.5e-08
1.325e-06	3.5e-08	1.5e-08
1.335e-06	3.5e-08	1.5e-08
1.345e-06	3.5e-08	1.5e-08
1.355e-06	3.5e-08	1.5e-08
1.365e-06	3.5e-08	1.5e-08
1.375e-06	3.5e-08	1.5e-08
1.385e-06	3.5e-08	1.5e-08
1.395e-06	3.5e-08	1.5e-08
1.405e-06	3.5e-08	1.5e-08
1.415e-06	3.5e-08	1.5e-08
1.425e-06	3.5e-08	1.5e-08
1.435e-06	3.5e-08	1.5e-08
1.445e-06	3.5e-08	1.5e-08
1.455e-06	3.5e-08	1.5e-08
1.465e-06	3.5e-08	1.5e-08
1.475e-06	3.5e-08	1.5e-08
1.485e-06	3.5e-08	1.5e-08
1.495e-06	3.5e-08	1.5e-08
1.505e-06	3.5e-08	1.5e-08
1.515e-06	3.5e-08	1.5e-08
1.525e-06	3.5e-08	1.5e-08
1.535e-06	3.5e-08	1.5e-08
1.545e-06	3.5e-08	1.5e-08
1.555e-06	3.5e-08	1.5e-08
1.565e-06	3.5e-08	1.5e-08
1.575e-06	3.5e-08	1.5e-08
1.585e-06	3.5e-08	1.5e-08
1.595e-06	3.5e-08	1.5e-08
1.605e-06	3.5e-08	1.5e-08
1.615e-06	3.5e-08	1.5e-08
1.625e-06	3.5e-08	1.5e-08
1.635e-06	3.5e-08	1.5e-08
1.645e-06	3.5e-08	1.5e-08
1.655e-06	3.5e-08	1.5e-08
1.665e-06	3.5e-08	1.5e-08
1.675e-06	3.5e-08	1.5e-08
1.685e-06	3.5e-08	1.5e-08
1.695e-06	3.5e-08	1.5e-08
1.705e-06	3.5e-08	1.5e-08
1.715e-06	3.5e-08	1.5e-08
1.725e-06	3.5e-08	1.5e-08
1.735e-06	3.5e-08	1.5e-08
1.745e-06	3.5e-08	1.5e-08
1.755e-06	3.5e-08	1.5e-08
1.765e-06	3.5e-08	1.5e-08
1.775e-06	3.5e-08	1.5e-08
1.785e-06	3.5e-08	1.5e-08
1.795e-06	3.5e-08	1.5e-08
1.805e-06	3.5e-08	1.5e-08
1.815e-06	3.5e-08	1.5e-08
1.825e-06	3.5e-08	1.5e-08
1.835e-06	3.5e-08	1.5e-08
1.845e-06	3.5e-08	1.5e-08
1.855e-06	3.5e-08	1.5e-08
1.865e-06	3.5e-08	1.5e-08
1.875e-06	3.5e-08	1.5e-08
1.885e-06	3.5e-08	1.5e-08
1.895e-06	3.5e-08	1.5e-08
1.905e-06	3.5e-08	1.5e-08
1.915e-06	3.5e-08	1.5e-08
1.925e-06	3.5e-08	1.5e-08
1.935e-06	3.5e-08	1.5e-08
1.945e-06	3.5e-08	1.5e-08
1.955e-06	3.5e-08	1.5e-08
1.965e-06	3.5e-08	1.5e-08
1.975e-06	3.5e-08	1.5e-08
1.985e-06	3.5e-08	1.5e-08
1.995e-06	3.5e-08	1.5e-08
2.005e-06	3.5e-08	1.5e-08
2.015e-06	3.5e-08	1.5e-08
2.025e-06	3.5e-08	1.5e-08
2.035e-06	3.5e-08	1.5e-08
2.045e-06	3.5e-08	1.5e-08
2.055e-06	3.5e-08	1.5e-08
2.065e-06	3.5e-08	1.5e-08
2.075e-06	3.5e-08	1.5e-08
2.085e-06	3.5e-08	1.5e-08
2.095e-06	3.5e-08	1.5e-08
1.105e-06	4.5e-08	1.5e-08
1.115e-06	4.5e-08	1.5e-08
1.125e-06	4.5e-08	1.5e-08
1.135e-06	4.5e-08	1.5e-08
1.145e-06	4.5e-08	1.5e-08
1.155e-06	4.5e-08	1.5e-08
1.165e-06	4.5e-08	1.5e-08
1.175e-06	4.5e-08	1.5e-08
1.185e-06	4.5e-08	1.5e-08
1.195e-06	4.5e-08	1.5e-08
1.205e-06	4.5e-08	1.5e-08
1.215e-06	4.5e-08	1.5e-08
1.225e-06	4.5e-08	1.5e-08
1.235e-06	4.5e-08	1.5e-08
1.245e-06	4.5e-08	1.5e-08
1.255e-06	4.5e-08	1.5e-08
1.265e-06	4.5e-08	1.5e-08
1.275e-06	4.5e-08	1.5e-08
1.285e-06	4.5e-08	1.5e-08
1.295e-06	4.5e-08	1.5e-08
1.305e-06	4.5e-08	1.5e-08
1.315e-06	4.5e-08	1.5e-08
1.325e-06	4.5e-08	1.5e-08
1.335e-06	4.5e-08	1.5e-08
1.345e-06	4.5e-08	1.5e-08
1.355e-06	4.5e-08	1.5e-08
1.365e-06	4.5e-08	1.5e-08
1.375e-06	4.5e-08	1.5e-08
1.385e-06	4.5e-08	1.5e-08
1.395e-06	4.5e-08	1.5e-08
1.405e-06	4.5e-08	1.5e-08
1.415e-06	4.5e-08	1.5e-08
1.425e-06	4.5e-08	1.5e-08
1.435e-06	4.5e-08	1.5e-08
1.445e-06	4.5e-08	1.5e-08
1.455e-06	4.5e-08	1.5e-08
1.465e-06	4.5e-08	1.5e-08
1.475e-06	4.5e-08	1.5e-08
1.485e-06	4.5e-08	1.5e-08
1.495e-06	4.5e-08	1.5e-08
1.505e-06	4.5e-08	1.5e-08
1.515e-06	4.5e-08	1.5e-08
1.525e-06	4.5e-08	1.5e-08
1.535e-06	4.5e-08	1.5e-08
1.545e-06	4.5e-08	1.5e-08
1.555e-06	4.5e-08	1.5e-08
1.565e-06	4.5e-08	1.5e-08
1.575e-06	4.5e-08	1.5e-08
1.585e-06	4.5e-08	1.5e-08
1.595e-06	4.5e-08	1.5e-08
1.605e-06	4.5e-08	1.5e-08
1.615e-06	4.5e-08	1.5e-08
1.625e-06	4.5e-08	1.5e-08
1.635e-06	4.5e-08	1.5e-08
1.645e-06	4.5e-08	1.5e-08
1.655e-06	4.5e-08	1.5e-08
1.665e-06	4.5e-08	1.5e-08
1.675e-06	4.5e-08	1.5e-08
1.685e-06	4.5e-08	1.5e-08
1.695e-06	4.5e-08	1.5e-08
1.705e-06	4.5e-08	1.5e-08
1.715e-06	4.5e-08	1.5e-08
1.725e-06	4.5e-08	1.5e-08
1.735e-06	4.5e-08	1.5e-08
1.745e-06	4.5e-08	1.5e-08
1.755e-06	4.5e-08	1.5e-08
1.765e-06	4.5e-08	1.5e-08
1.775e-06	4.5e-08	1.5e-08
1.785e-06	4.5e-08	1.5e-08
1.795e-06	4.5e-08	1.5e-08
1.805e-06	4.5e-08	1.5e-08
1.815e-06	4.5e-08	1.5e-08
1.825e-06	4.5e-08	1.5e-08
1.835e-06	4.5e-08	1.5e-08
1.845e-06	4.5e-08	1.5e-08
1.855e-06	4.5e-08	1.5e-08
1.865e-06	4.5e-08	1.5e-08
1.875e-06	4.5e-08	1.5e-08
1.885e-06	4.5e-08	1.5e-08
1.895e-06	4.5e-08	1.5e-08
1.905e-06	4.5e-08	1.5e-08
1.915e-06	4.5e-08	1.5e-08
1.925e-06	4.5e-08	1.5e-08
1.935e-06	4.5e-08	1.5e-08
1.945e-06	4.5e-08	1.5e-08
1.955e-06	4.5e-08	1.5e-08
1.965e-06	4.5e-08	1.5e-08
1.975e-06	4.5e-08	1.5e-08
1.985e-06	4.5e-08	1.5e-08
1.995e-06	4.5e-08	1.5e-08
2.005e-06	4.5e-08	1.5e-08
2.015e-06	4.5e-08	1.5e-08
2.025e-06	4.5e-08	1.5e-08
2.035e-06	4.5e-08	1.5e-08
2.045e-06	4.5e-08	1.5e-08
2.055e-06	4.5e-08	1.5e-08
2.065e-06	4.5e-08	1.5e-08
2.075e-06	4.5e-08	1.5e-08
2.085e-06	4.5e-08	1.5e-08
2.095e-06	4.5e-08	1.5e-08
1.105e-06	5.5e-08	1.5e-08
1.115e-06	5.5e-08	1.5e-08
1.125e-06	5.5e-08	1.5e-08
1.135e-06	5.5e-08	1.5e-08
1.145e-06	5.5e-08	1.5e-08
1.155e-06	5.5e-08	1.5e-08
1.165e-06	5.5e-08	1.5e-08
1.175e-06	5.5e-08	1.5e-08
1.185e-06	5.5e-08	1.5e-08
1.195e-06	5.5e-08	1.5e-08
1.205e-06	5.5e-08	1.5e-08
1.215e-06	5.5e-08	1.5e-08
1.225e-06	5.5e-08	1.5e-08
1.235e-06	5.5e-08	1.5e-08
1.245e-06	5.5e-08	1.5e-08
1.255e-06	5.5e-08	1.5e-08
1.265e-06	5.5e-08	1.5e-08
1.275e-06	5.5e-08	1.5e-08
1.285e-06	5.5e-08	1.5e-08
1.295e-06	5.5e-08	1.5e-08
1.305e-06	5.5e-08	1.5e-08
1.315e-06	5.5e-08	1.5e-08
1.325e-06	5.5e-08	1.5e-08
1.335e-06	5.5e-08	1.5e-08
1.345e-06	5.5e-08	1.5e-08
1.355e-06	5.5e-08	1.5e-08
1.365e-06	5.5e-08	1.5e-08
1.375e-06	5.5e-08	1.5e-08
1.385e-06	5.5e-08	1.5e-08
1.395e-06	5.5e-08	1.5e-08
1.405e-06	5.5e-08	1.5e-08
1.415e-06	5.5e-08	1.5e-08
1.425e-06	5.5e-08	1.5e-08
1.435e-06	5.5e-08	1.5e-08
1.445e-06	5.5e-08	1.5e-08
1.455e-06	5.5e-08	1.5e-08
1.465e-06	5.5e-08	1.5e-08
1.475e-06	5.5e-08	1.5e-08
1.485e-06	5.5e-08	1.5e-08
1.495e-06	5.5e-08	1.5e-08
1.505e-06	5.5e-08	1.5e-08
1.515e-06	5.5e-08	1.5e-08
1.525e-06	5.5e-08	1.5e-08
1.535e-06	5.5e-08	1.5e-08
1.545e-06	5.5e-08	1.5e-08
1.555e-06	5.5e-08	1.5e-08
1.565e-06	5.5e-08	1.5e-08
1.575e-06	5.5e-08	1.5e-08
1.585e-06	5.5e-08	1.5e-08
1.595e-06	5.5e-08	1.5e-08
1.605e-06	5.5e-08	1.5e-08
1.615e-06	5.5e-08	1.5e-08
1.625e-06	5.5e-08	1.5e-08
1.635e-06	5.5e-08	1.5e-08
1.645e-06	5.5e-08	1.5e-08
1.655e-06	5.5e-08	1.5e-08
1.665e-06	5.5e-08	1.5e-08
1.675e-06	5.5e-08	1.5e-08
1.685e-06	5.5e-08	1.5e-08
1.695e-06	5.5e-08	1.5e-08
1.705e-06	5.5e-08	1.5e-08
1.715e-06	5.5e-08	1.5e-08
1.725e-06	5.5e-08	1.5e-08
1.735e-06	5.5e-08	1.5e-08
1.745e-06	5.5e-08	1.5e-08
1.755e-06	5.5e-08	1.5e-08
1.765e-06	5.5e-08	1.5e-08
1.775e-06	5.5e-08	1.5e-08
1.785e-06	5.5e-08	1.5e-08
1.795e-06	5.5e-08	1.5e-08
1.805e-06	5.5e-08	1.5e-08
1.815e-06	5.5e-08	1.5e-08
1.825e-06	5.5e-08	1.5e-08
1.835e-06	5.5e-08	1.5e-08
1.845e-06	5.5e-08	1.5e-08
1.855e-06	5.5e-08	1.5e-08
1.865e-06	5.5e-08	1.5e-08
1.875e-06	5.5e-08	1.5e-08
1.885e-06	5.5e-08	1.5e-08
1.895e-06	5.5e-08	1.5e-08
1.905e-06	5.5e-08	1.5e-08
1.915e-06	5.5e-08	1.5e-08
1.925e-06	5.5e-08	1.5e-08
1.935e-06	5.5e-08	1.5e-08
1.945e-06	5.5e-08	1.5e-08
1.955e-06	5.5e-08	1.5e-08
1.965e-06	5.5e-08	1.5e-08
1.975e-06	5.5e-08	1.5e-08
1.985e-06	5.5e-08	1.5e-08
1.995e-06	5.5e-08	1.5e-08
2.005e-06	5.5e-08	1.5e-08
2.015e-06	5.5e-08	1.5e-08
2.025e-06	5.5e-08	1.5e-08
2.035e-06	5.5e-08	1.5e-08
2.045e-06	5.5e-08	1.5e-08
2.055e-06	5.5e-08	1.5e-08
2.065e-06	5.5e-08	1.5e-08
2.075e-06	5.5e-08	1.5e-08
2.085e-06	5.5e-08	1.5e-08
2.095e-06	5.5e-08	1.5e-08
1.105e-06	6.5e-08	1.5e-08
1.115e-06	6.5e-08	1.5e-08
1.125e-06	6.5e-08	1.5e-08
1.135e-06	6.5e-08	1.5e-08
1.145e-06	6.5e-08	1.5e-08
1.155e-06	6.5e-08	1.5e-08
1.165e-06	6.5e-08	1.5e-08
1.175e-06	6.5e-08	1.5e-08
1.185e-06	6.5e-08	1.5e-08
1.195e-06	6.5e-08	1.5e-08
1.205e-06	6.5e-08	1.5e-08
1.215e-06	6.5e-08	1.5e-08
1.225e-06	6.5e-08	1.5e-08
1.235e-06	6.5e-08	1.5e-08
1.245e-06	6.5e-08	1.5e-08
1.255e-06	6.5e-08	1.5e-08
1.265e-06	6.5e-08	1.5e-08
1.275e-06	6.5e-08	1.5e-08
1.285e-06	6.5e-08	1.5e-08
1.295e-06	6.5e-08	1.5e-08
1.305e-06	6.5e-08	1.5e-08
1.315e-06	6.5e-08	1.5e-08
1.325e-06	6.5e-08	1.5e-08
1.335e-06	6.5e-08	1.5e-08
1.345e-06	6.5e-08	1.5e-08
1.355e-06	6.5e-08	1.5e-08
1.365e-06	6.5e-08	1.5e-08
1.375e-06	6.5e-08	1.5e-08
1.385e-06	6.5e-08	1.5e-08
1.395e-06	6.5e-08	1.5e-08
1.405e-06	6.5e-08	1.5e-08
1.415e-06	6.5e-08	1.5e-08
1.425e-06	6.5e-08	1.5e-08
1.435e-06	6.5e-08	1.5e-08
1.445e-06	6.5e-08	1.5e-08
1.455e-06	6.5e-08	1.5e-08
1.465e-06	6.5e-08	1.5e-08
1.475e-06	6.5e-08	1.5e-08
1.485e-06	6.5e-08	1.5e-08
1.495e-06	6.5e-08	1.5e-08
1.505e-06	6.5e-08	1.5e-08
1.515e-06	6.5e-08	1.5e-08
1.525e-06	6.5e-08	1.5e-08
1.535e-06	6.5e-08	1.5e-08
1.545e-06	6.5e-08	1.5e-08
1.555e-06	6.5e-08	1.5e-08
1.565e-06	6.5e-08	1.5e-08
1.575e-06	6.5e-08	1.5e-08
1.585e-06	6.5e-08	1.5e-08
1.595e-06	6.5e-08	1.5e-08
1.605e-06	6.5e-08	1.5e-08
1.615e-06	6.5e-08	1.5e-08
1.625e-06	6.5e-08	1.5e-08
1.635e-06	6.5e-08	1.5e-08
1.645e-06	6.5e-08	1.5e-08
1.655e-06	6.5e-08	1.5e-08
1.665e-06	6.5e-08	1.5e-08
1.675e-06	6.5e-08	1.5e-08
1.685e-06	6.5e-08	1.5e-08
1.695e-06	6.5e-08	1.5e-08
1.705e-06	6.5e-08	1.5e-08
1.715e-06	6.5e-08	1.5e-08
1.725e-06	6.5e-08	1.5e-08
1.735e-06	6.5e-08	1.5e-08
1.745e-06	6.5e-08	1.5e-08
1.755e-06	6.5e-08	1.5e-08
1.765e-06	6.5e-08	1.5e-08
1.775e-06	6.5e-08	1.5e-08
1.785e-06	6.5e-08	1.5e-08
1.795e-06	6.5e-08	1.5e-08
1.805e-06	6.5e-08	1.5e-08
1.815e-06	6.5e-08	1.5e-08
1.825e-06	6.5e-08	1.5e-08
1.835e-06	6.5e-08	1.5e-08
1.845e-06	6.5e-08	1.5e-08
1.855e-06	6.5e-08	1.5e-08
1.865e-06	6.5e-08	1.5e-08
1.875e-06	6.5e-08	1.5e-08
1.885e-06	6.5e-08	1.5e-08
1.895e-06	6.5e-08	1.5e-08
1.905e-06	6.5e-08	1.5e-08
1.915e-06	6.5e-08	1.5e-08
1.925e-06	6.5e-08	1.5e-08
1.935e-06	6.5e-08	1.5e-08
1.945e-06	6.5e-08	1.5e-08
1.955e-06	6.5e-08	1.5e-08
1.965e-06	6.5e-08	1.5e-08
1.975e-06	6.5e-08	1.5e-08
1.985e-06	6.5e-08	1.5e-08
1.995e-06	6.5e-08	1.5e-08
2.005e-06	6.5e-08	1.5e-08
2.015e-06	6.5e-08	1.5e-08
2.025e-06	6.5e-08	1.5e-08
2.035e-06	6.5e-08	1.5e-08
2.045e-06	6.5e-08	1.5e-08
2.055e-06	6.5e-08	1.5e-08
2.065e-06	6.5e-08	1.5e-08
2.075e-06	6.5e-08	1.5e-08
2.085e-06	6.5e-08	1.5e-08
2.095e-06	6.5e-08	1.5e-08
1.105e-06	7.5e-08	1.5e-08
1.115e-06	7.5e-08	1.5e-08
1.125e-06	7.5e-08	1.5e-08
1.135e-06	7.5e-08	1.5e-08
1.145e-06	7.5e-08	1.5e-08
1.155e-06	7.5e-08	1.5e-08
1.165e-06	7.5e-08	1.5e-08
1.175e-06	7.5e-08	1.5e-08
1.185e-06	7.5e-08	1.5e-08
1.195e-06	7.5e-08	1.5e-08
1.205e-06	7.5e-08	1.5e-08
1.215e-06	7.5e-08	1.5e-08
1.225e-06	7.5e-08	1.5e-08
1.235e-06	7.5e-08	1.5e-08
1.245e-06	7.5e-08	1.5e-08
1.255e-06	7.5e-08	1.5e-08
1.265e-06	7.5e-08	1.5e-08
1.275e-06	7.5e-08	1.5e-08
1.285e-06	7.5e-08	1.5e-08
1.295e-06	7.5e-08	1.5e-08
1.305e-06	7.5e-08	1.5e-08
1.315e-06	7.5e-08	1.5e-08
1.325e-06	7.5e-08	1.5e-08
1.335e-06	7.5e-08	1.5e-08
1.345e-06	7.5e-08	1.5e-08
1.355e-06	7.5e-08	1.5e-08
1.365e-06	7.5e-08	1.5e-08
1.375e-06	7.5e-08	1.5e-08
1.385e-06	7.5e-08	1.5e-08
1.395e-06	7.5e-08	1.5e-08
1.405e-06	7.5e-08	1.5e-08
1.415e-06	7.5e-08	1.5e-08
1.425e-06	7.5e-08	1.5e-08
1.435e-06	7.5e-08	1.5e-08
1.445e-06	7.5e-08	1.5e-08
1.455e-06	7.5e-08	1.5e-08
1.465e-06	7.5e-08	1.5e-08
1.475e-06	7.5e-08	1.5e-08
1.485e-06	7.5e-08	1.5e-08
1.495e-06	7.5e-08	1.5e-08
1.505e-06	7.5e-08	1.5e-08
1.515e-06	7.5e-08	1.5e-08
1.525e-06	7.5e-08	1.5e-08
1.535e-06	7.5e-08	1.5e-08
1.545e-06	7.5e-08	1.5e-08
1.555e-06	7.5e-08	1.5e-08
1.565e-06	7.5e-08	1.5e-08
1.575e-06	7.5e-08	1.5e-08
1.585e-06	7.5e-08	1.5e-08
1.595e-06	7.5e-08	1.5e-08
1.605e-06	7.5e-08	1.5e-08
1.615e-06	7.5e-08	1.5e-08
1.625e-06	7.5e-08	1.5e-08
1.635e-06	7.5e-08	1.5e-08
1.645e-06	7.5e-08	1.5e-08
1.655e-06	7.5e-08	1.5e-08
1.665e-06	7.5e-08	1.5e-08
1.675e-06	7.5e-08	1.5e-08
1.685e-06	7.5e-08	1.5e-08
1.695e-06	7.5e-08	1.5e-08
1.705e-06	7.5e-08	1.5e-08
1.715e-06	7.5e-08	1.5e-08
1.725e-06	7.5e-08	1.5e-08
1.735e-06	7.5e-08	1.5e-08
1.745e-06	7.5e-08	1.5e-08
1.755e-06	7.5e-08	1.5e-08
1.765e-06	7.5e-08	1.5e-08
1.775e-06	7.5e-08	1.5e-08
1.785e-06	7.5e-08	1.5e-08
1.795e-06	7.5e-08	1.5e-08
1.805e-06	7.5e-08	1.5e-08
1.815e-06	7.5e-08	1.5e-08
1.825e-06	7.5e-08	1.5e-08
1.835e-06	7.5e-08	1.5e-08
1.845e-06	7.5e-08	1.5e-08
1.855e-06	7.5e-08	1.5e-08
1.865e-06	7.5e-08	1.5e-08
1.875e-06	7.5e-08	1.5e-08
1.885e-06	7.5e-08	1.5e-08
1.895e-06	7.5e-08	1.5e-08
1.905e-06	7.5e-08	1.5e-08
1.915e-06	7.5e-08	1.5e-08
1.925e-06	7.5e-08	1.5e-08
1.935e-06	7.5e-08	1.5e-08
1.945e-06	7.5e-08	1.5e-08
1.955e-06	7.5e-08	1.5e-08
1.965e-06	7.5e-08	1.5e-08
1.975e-06	7.5e-08	1.5e-08
1.985e-06	7.5e-08	1.5e-08
1.995e-06	7.5e-08	1.5e-08
2.005e-06	7.5e-08	1.5e-08
2.015e-06	7.5e-08	1.5e-08
2.025e-06	7.5e-08	1.5e-08
2.035e-06	7.5e-08	1.5e-08
2.045e-06	7.5e-08	1.5e-08
2.055e-06	7.5e-08	1.5e-08
2.065e-06	7.5e-08	1.5e-08
2.075e-06	7.5e-08	1.5e-08
2.085e-06	7.5e-08	1.5e-08
2.095e-06	7.5e-08	1.5e-08
1.105e-06	8.5e-08	1.5e-08
1.115e-06	8.5e-08	1.5e-08
1.125e-06	8.5e-08	1.5e-08
1.135e-06	8.5e-08	1.5e-08
1.145e-06	8.5e-08	1.5e-08
1.155e-06	8.5e-08	1.5e-08
1.165e-06	8.5e-08	1.5e-08
1.175e-06	8.5e-08	1.5e-08
1.185e-06	8.5e-08	1.5e-08
1.195e-06	8.5e-08	1.5e-08
1.205e-06	8.5e-08	1.5e-08
1.215e-06	8.5e-08	1.5e-08
1.225e-06	8.5e-08	1.5e-08
1.235e-06	8.5e-08	1.5e-08
1.245e-06	8.5e-08	1.5e-08
1.255e-06	8.5e-08	1.5e-08
1.265e-06	8.5e-08	1.5e-08
1.275e-06	8.5e-08	1.5e-08
1.285e-06	8.5e-08	1.5e-08
1.295e-06	8.5e-08	1.5e-08
1.305e-06	8.5e-08	1.5e-08
1.315e-06	8.5e-08	1.5e-08
1.325e-06	8.5e-08	1.5e-08
1.335e-06	8.5e-08	1.5e-08
1.345e-06	8.5e-08	1.5e-08
1.355e-06	8.5e-08	1.5e-08
1.365e-06	8.5e-08	1.5e-08
1.375e-06	8.5e-08	1.5e-08
1.385e-06	8.5e-08	1.5e-08
1.395e-06	8.5e-08	1.5e-08
1.405e-06	8.5e-08	1.5e-08
1.415e-06	8.5e-08	1.5e-08
1.425e-06	8.5e-08	1.5e-08
1.435e-06	8.5e-08	1.5e-08
1.445e-06	8.5e-08	1.5e-08
1.455e-06	8.5e-08	1.5e-08
1.465e-06	8.5e-08	1.5e-08
1.475e-06	8.5e-08	1.5e-08
1.485e-06	8.5e-08	1.5e-08
1.495e-06	8.5e-08	1.5e-08
1.505e-06	8.5e-08	1.5e-08
1.515e-06	8.5e-08	1.5e-08
1.525e-06	8.5e-08	1.5e-08
1.535e-06	8.5e-08	1.5e-08
1.545e-06	8.5e-08	1.5e-08
1.555e-06	8.5e-08	1.5e-08
1.565e-06	8.5e-08	1.5e-08
1.575e-06	8.5e-08	1.5e-08
1.585e-06	8.5e-08	1.5e-08
1.595e-06	8.5e-08	1.5e-08
1.605e-06	8.5e-08	1.5e-08
1.615e-06	8.5e-08	1.5e-08
1.625e-06	8.5e-08	1.5e-08
1.635e-06	8.5e-08	1.5e-08
1.645e-06	8.5e-08	1.5e-08
1.655e-06	8.5e-08	1.5e-08
1.665e-06	8.5e-08	1.5e-08
1.675e-06	8.5e-08	1.5e-08
1.685e-06	8.5e-08	1.5e-08
1.695e-06	8.5e-08	1.5e-08
1.705e-06	8.5e-08	1.5e-08
1.715e-06	8.5e-08	1.5e-08
1.725e-06	8.5e-08	1.5e-08
1.735e-06	8.5e-08	1.5e-08
1.745e-06	8.5e-08	1.5e-08
1.755e-06	8.5e-08	1.5e-08
1.765e-06	8.5e-08	1.5e-08
1.775e-06	8.5e-08	1.5e-08
1.785e-06	8.5e-08	1.5e-08
1.795e-06	8.5e-08	1.5e-08
1.805e-06	8.5e-08	1.5e-08
1.815e-06	8.5e-08	1.5e-08
1.825e-06	8.5e-08	1.5e-08
1.835e-06	8.5e-08	1.5e-08
1.845e-06	8.5e-08	1.5e-08
1.855e-06	8.5e-08	1.5e-08
1.865e-06	8.5e-08	1.5e-08
1.875e-06	8.5e-08	1.5e-08
1.885e-06	8.5e-08	1.5e-08
1.895e-06	8.5e-08	1.5e-08
1.905e-06	8.5e-08	1.5e-08
1.915e-06	8.5e-08	1.5e-08
1.925e-06	8.5e-08	1.5e-08
1.935e-06	8.5e-08	1.5e-08
1.945e-06	8.5e-08	1.5e-08
1.955e-06	8.5e-08	1.5e-08
1.965e-06	8.5e-08	1.5e-08
1.975e-06	8.5e-08	1.5e-08
1.985e-06	8.5e-08	1.5e-08
1.995e-06	8.5e-08	1.5e-08
2.005e-06	8.5e-08	1.5e-08
2.015e-06	8.5e-08	1.5e-08
2.025e-06	8.5e-08	1.5e-08
2.035e-06	8.5e-08	1.5e-08
2.045e-06	8.5e-08	1.5e-08
2.055e-06	8.5e-08	1.5e-08
2.065e-06	8.5e-08	1.5e-08
2.075e-06	8.5e-08	1.5e-08
2.085e-06	8.5e-08	1.5e-08
2.095e-06	8.5e-08	1.5e-08
1.105e-06	9.5e-08	1.5e-08
1.115e-06	9.5e-08	1.5e-08
1.125e-06	9.5e-08	1.5e-08
1.135e-06	9.5e-08	1.5e-08
1.145e-06	9.5e-08	1.5e-08
1.155e-06	9.5e-08	1.5e-08
1.165e-06	9.5e-08	1.5e-08
1.175e-06	9.5e-08	1.5e-08
1.185e-06	9.5e-08	1.5e-08
1.195e-06	9.5e-08	1.5e-08
1.205e-06	9.5e-08	1.5e-08
1.215e-06	9.5e-08	1.5e-08
1.225e-06	9.5e-08	1.5e-08
1.235e-06	9.5e-08	1.5e-08
1.245e-06	9.5e-08	1.5e-08
1.255e-06	9.5e-08	1.5e-08
1.265e-06	9.5e-08	1.5e-08
1.275e-06	9.5e-08	1.5e-08
1.285e-06	9.5e-08	1.5e-08
1.295e-06	9.5e-08	1.5e-08
1.305e-06	9.5e-08	1.5e-08
1.315e-06	9.5e-08	1.5e-08
1.325e-06	9.5e-08	1.5e-08
1.335e-06	9.5e-08	1.5e-08
1.345e-06	9.5e-08	1.5e-08
1.355e-06	9.5e-08	1.5e-08
1.365e-06	9.5e-08	1.5e-08
1.375e-06	9.5e-08	1.5e-08
1.385e-06	9.5e-08	1.5e-08
1.395e-06	9.5e-08	1.5e-08
1.405e-06	9.5e-08	1.5e-08
1.415e-06	9.5e-08	1.5e-08
1.425e-06	9.5e-08	1.5e-08
1.435e-06	9.5e-08	1.5e-08
1.445e-06	9.5e-08	1.5e-08
1.455e-06	9.5e-08	1.5e-08
1.465e-06	9.5e-08	1.5e-08
1.475e-06	9.5e-08	1.5e-08
1.485e-06	9.5e-08	1.5e-08
1.495e-06	9.5e-08	1.5e-08
1.505e-06	9.5e-08	1.5e-08
1.515e-06	9.5e-08	1.5e-08
1.525e-06	9.5e-08	1.5e-08
1.535e-06	9.5e-08	1.5e-08
1.545e-06	9.5e-08	1.5e-08
1.555e-06	9.5e-08	1.5e-08
1.565e-06	9.5e-08	1.5e-08
1.575e-06	9.5e-08	1.5e-08
1.585e-06	9.5e-08	1.5e-08
1.595e-06	9.5e-08	1.5e-08
1.605e-06	9.5e-08	1.5e-08
1.615e-06	9.5e-08	1.5e-08
1.625e-06	9.5e-08	1.5e-08
1.635e-06	9.5e-08	1.5e-08
1.645e-06	9.5e-08	1.5e-08
1.655e-06	9.5e-08	1.5e-08
1.665e-06	9.5e-08	1.5e-08
1.675e-06	9.5e-08	1.5e-08
1.685e-06	9.5e-08	1.5e-08
1.695e-06	9.5e-08	1.5e-08
1.705e-06	9.5e-08	1.5e-08
1.715e-06	9.5e-08	1.5e-08
1.725e-06	9.5e-08	1.5e-08
1.735e-06	9.5e-08	1.5e-08
1.745e-06	9.5e-08	1.5e-08
1.755e-06	9.5e-08	1.5e-08
1.765e-06	9.5e-08	1.5e-08
1.775e-06	9.5e-08	1.5e-08
1.785e-06	9.5e-08	1.5e-08
1.795e-06	9.5e-08	1.5e-08
1.805e-06	9.5e-08	1.5e-08
1.815e-06	9.5e-08	1.5e-08
1.825e-06	9.5e-08	1.5e-08
1.835e-06	9.5e-08	1.5e-08
1.845e-06	9.5e-08	1.5e-08
1.855e-06	9.5e-08	1.5e-08
1.865e-06	9.5e-08	1.5e-08
1.875e-06	9.5e-08	1.5e-08
1.885e-06	9.5e-08	1.5e-08
1.895e-06	9.5e-08	1.5e-08
1.905e-06	9.5e-08	1.5e-08
1.915e-06	9.5e-08	1.5e-08
1.925e-06	9.5e-08	1.5e-08
1.935e-06	9.5e-08	1.5e-08
1.945e-06	9.5e-08	1.5e-08
1.955e-06	9.5e-08	1.5e-08
1.965e-06	9.5e-08	1.5e-08
1.975e-06	9.5e-08	1.5e-08
1.985e-06	9.5e-08	1.5e-08
1.995e-06	9.5e-08	1.5e-08
2.005e-06	9.5e-08	1.5e-08
2.015e-06	9.5e-08	1.5e-08
2.025e-06	9.5e-08	1.5e-08
2.035e-06	9.5e-08	1.5e-08
2.045e-06	9.5e-08	1.5e-08
2.055e-06	9.5e-08	1.5e-08
2.065e-06	9.5e-08	1.5e-08
2.075e-06	9.5e-08	1.5e-08
2.085e-06	9.5e-08	1.5e-08
2.095e-06	9.5e-08	1.5e-08
