6.66666666666667e-08	6.66666666666667e-08	6.66666666666667e-08
2e-07	6.66666666666667e-08	6.66666666666667e-08
3.33333333333333e-07	6.66666666666667e-08	6.66666666666667e-08
6.66666666666667e-08	1.91666666666667e-07	6.66666666666667e-08
2e-07	1.91666666666667e-07	6.66666666666667e-08
3.33333333333333e-07	1.91666666666667e-07	6.66666666666667e-08
6.66666666666667e-08	3.16666666666667e-07	6.66666666666667e-08
2e-07	3.16666666666667e-07	6.66666666666667e-08
3.33333333333333e-07	3.16666666666667e-07	6.66666666666667e-08
6.66666666666667e-08	4.41666666666667e-07	6.66666666666667e-08
2e-07	4.41666666666667e-07	6.66666666666667e-08
3.33333333333333e-07	4.41666666666667e-07	6.66666666666667e-08
6.66666666666667e-08	6.66666666666667e-08	1.91666666666667e-07
2e-07	6.66666666666667e-08	1.91666666666667e-07
3.33333333333333e-07	6.66666666666667e-08	1.91666666666667e-07
6.66666666666667e-08	1.91666666666667e-07	1.91666666666667e-07
2e-07	1.91666666666667e-07	1.91666666666667e-07
3.33333333333333e-07	1.91666666666667e-07	1.91666666666667e-07
6.66666666666667e-08	3.16666666666667e-07	1.91666666666667e-07
2e-07	3.16666666666667e-07	1.91666666666667e-07
3.33333333333333e-07	3.16666666666667e-07	1.91666666666667e-07
6.66666666666667e-08	4.41666666666667e-07	1.91666666666667e-07
2e-07	4.41666666666667e-07	1.91666666666667e-07
3.33333333333333e-07	4.41666666666667e-07	1.91666666666667e-07
6.66666666666667e-08	6.66666666666667e-08	3.16666666666667e-07
2e-07	6.66666666666667e-08	3.16666666666667e-07
3.33333333333333e-07	6.66666666666667e-08	3.16666666666667e-07
6.66666666666667e-08	1.91666666666667e-07	3.16666666666667e-07
2e-07	1.91666666666667e-07	3.16666666666667e-07
3.33333333333333e-07	1.91666666666667e-07	3.16666666666667e-07
6.66666666666667e-08	3.16666666666667e-07	3.16666666666667e-07
2e-07	3.16666666666667e-07	3.16666666666667e-07
3.33333333333333e-07	3.16666666666667e-07	3.16666666666667e-07
6.66666666666667e-08	4.41666666666667e-07	3.16666666666667e-07
2e-07	4.41666666666667e-07	3.16666666666667e-07
3.33333333333333e-07	4.41666666666667e-07	3.16666666666667e-07
6.66666666666667e-08	6.66666666666667e-08	4.41666666666667e-07
2e-07	6.66666666666667e-08	4.41666666666667e-07
3.33333333333333e-07	6.66666666666667e-08	4.41666666666667e-07
6.66666666666667e-08	1.91666666666667e-07	4.41666666666667e-07
2e-07	1.91666666666667e-07	4.41666666666667e-07
3.33333333333333e-07	1.91666666666667e-07	4.41666666666667e-07
6.66666666666667e-08	3.16666666666667e-07	4.41666666666667e-07
2e-07	3.16666666666667e-07	4.41666666666667e-07
3.33333333333333e-07	3.16666666666667e-07	4.41666666666667e-07
6.66666666666667e-08	4.41666666666667e-07	4.41666666666667e-07
2e-07	4.41666666666667e-07	4.41666666666667e-07
3.33333333333333e-07	4.41666666666667e-07	4.41666666666667e-07
4.25e-07	2.5e-08	2.5e-08
4.75e-07	2.5e-08	2.5e-08
4.25e-07	7.5e-08	2.5e-08
4.75e-07	7.5e-08	2.5e-08
4.25e-07	1.25e-07	2.5e-08
4.75e-07	1.25e-07	2.5e-08
4.25e-07	1.75e-07	2.5e-08
4.75e-07	1.75e-07	2.5e-08
4.25e-07	2.25e-07	2.5e-08
4.75e-07	2.25e-07	2.5e-08
4.25e-07	2.75e-07	2.5e-08
4.75e-07	2.75e-07	2.5e-08
4.25e-07	3.25e-07	2.5e-08
4.75e-07	3.25e-07	2.5e-08
4.25e-07	3.75e-07	2.5e-08
4.75e-07	3.75e-07	2.5e-08
4.25e-07	4.25e-07	2.5e-08
4.75e-07	4.25e-07	2.5e-08
4.25e-07	4.75e-07	2.5e-08
4.75e-07	4.75e-07	2.5e-08
4.25e-07	2.5e-08	7.5e-08
4.75e-07	2.5e-08	7.5e-08
4.25e-07	7.5e-08	7.5e-08
4.75e-07	7.5e-08	7.5e-08
4.25e-07	1.25e-07	7.5e-08
4.75e-07	1.25e-07	7.5e-08
4.25e-07	1.75e-07	7.5e-08
4.75e-07	1.75e-07	7.5e-08
4.25e-07	2.25e-07	7.5e-08
4.75e-07	2.25e-07	7.5e-08
4.25e-07	2.75e-07	7.5e-08
4.75e-07	2.75e-07	7.5e-08
4.25e-07	3.25e-07	7.5e-08
4.75e-07	3.25e-07	7.5e-08
4.25e-07	3.75e-07	7.5e-08
4.75e-07	3.75e-07	7.5e-08
4.25e-07	4.25e-07	7.5e-08
4.75e-07	4.25e-07	7.5e-08
4.25e-07	4.75e-07	7.5e-08
4.75e-07	4.75e-07	7.5e-08
4.25e-07	2.5e-08	1.25e-07
4.75e-07	2.5e-08	1.25e-07
4.25e-07	7.5e-08	1.25e-07
4.75e-07	7.5e-08	1.25e-07
4.25e-07	1.25e-07	1.25e-07
4.75e-07	1.25e-07	1.25e-07
4.25e-07	1.75e-07	1.25e-07
4.75e-07	1.75e-07	1.25e-07
4.25e-07	2.25e-07	1.25e-07
4.75e-07	2.25e-07	1.25e-07
4.25e-07	2.75e-07	1.25e-07
4.75e-07	2.75e-07	1.25e-07
4.25e-07	3.25e-07	1.25e-07
4.75e-07	3.25e-07	1.25e-07
4.25e-07	3.75e-07	1.25e-07
4.75e-07	3.75e-07	1.25e-07
4.25e-07	4.25e-07	1.25e-07
4.75e-07	4.25e-07	1.25e-07
4.25e-07	4.75e-07	1.25e-07
4.75e-07	4.75e-07	1.25e-07
4.25e-07	2.5e-08	1.75e-07
4.75e-07	2.5e-08	1.75e-07
4.25e-07	7.5e-08	1.75e-07
4.75e-07	7.5e-08	1.75e-07
4.25e-07	1.25e-07	1.75e-07
4.75e-07	1.25e-07	1.75e-07
4.25e-07	1.75e-07	1.75e-07
4.75e-07	1.75e-07	1.75e-07
4.25e-07	2.25e-07	1.75e-07
4.75e-07	2.25e-07	1.75e-07
4.25e-07	2.75e-07	1.75e-07
4.75e-07	2.75e-07	1.75e-07
4.25e-07	3.25e-07	1.75e-07
4.75e-07	3.25e-07	1.75e-07
4.25e-07	3.75e-07	1.75e-07
4.75e-07	3.75e-07	1.75e-07
4.25e-07	4.25e-07	1.75e-07
4.75e-07	4.25e-07	1.75e-07
4.25e-07	4.75e-07	1.75e-07
4.75e-07	4.75e-07	1.75e-07
4.25e-07	2.5e-08	2.25e-07
4.75e-07	2.5e-08	2.25e-07
4.25e-07	7.5e-08	2.25e-07
4.75e-07	7.5e-08	2.25e-07
4.25e-07	1.25e-07	2.25e-07
4.75e-07	1.25e-07	2.25e-07
4.25e-07	1.75e-07	2.25e-07
4.75e-07	1.75e-07	2.25e-07
4.25e-07	2.25e-07	2.25e-07
4.75e-07	2.25e-07	2.25e-07
4.25e-07	2.75e-07	2.25e-07
4.75e-07	2.75e-07	2.25e-07
4.25e-07	3.25e-07	2.25e-07
4.75e-07	3.25e-07	2.25e-07
4.25e-07	3.75e-07	2.25e-07
4.75e-07	3.75e-07	2.25e-07
4.25e-07	4.25e-07	2.25e-07
4.75e-07	4.25e-07	2.25e-07
4.25e-07	4.75e-07	2.25e-07
4.75e-07	4.75e-07	2.25e-07
4.25e-07	2.5e-08	2.75e-07
4.75e-07	2.5e-08	2.75e-07
4.25e-07	7.5e-08	2.75e-07
4.75e-07	7.5e-08	2.75e-07
4.25e-07	1.25e-07	2.75e-07
4.75e-07	1.25e-07	2.75e-07
4.25e-07	1.75e-07	2.75e-07
4.75e-07	1.75e-07	2.75e-07
4.25e-07	2.25e-07	2.75e-07
4.75e-07	2.25e-07	2.75e-07
4.25e-07	2.75e-07	2.75e-07
4.75e-07	2.75e-07	2.75e-07
4.25e-07	3.25e-07	2.75e-07
4.75e-07	3.25e-07	2.75e-07
4.25e-07	3.75e-07	2.75e-07
4.75e-07	3.75e-07	2.75e-07
4.25e-07	4.25e-07	2.75e-07
4.75e-07	4.25e-07	2.75e-07
4.25e-07	4.75e-07	2.75e-07
4.75e-07	4.75e-07	2.75e-07
4.25e-07	2.5e-08	3.25e-07
4.75e-07	2.5e-08	3.25e-07
4.25e-07	7.5e-08	3.25e-07
4.75e-07	7.5e-08	3.25e-07
4.25e-07	1.25e-07	3.25e-07
4.75e-07	1.25e-07	3.25e-07
4.25e-07	1.75e-07	3.25e-07
4.75e-07	1.75e-07	3.25e-07
4.25e-07	2.25e-07	3.25e-07
4.75e-07	2.25e-07	3.25e-07
4.25e-07	2.75e-07	3.25e-07
4.75e-07	2.75e-07	3.25e-07
4.25e-07	3.25e-07	3.25e-07
4.75e-07	3.25e-07	3.25e-07
4.25e-07	3.75e-07	3.25e-07
4.75e-07	3.75e-07	3.25e-07
4.25e-07	4.25e-07	3.25e-07
4.75e-07	4.25e-07	3.25e-07
4.25e-07	4.75e-07	3.25e-07
4.75e-07	4.75e-07	3.25e-07
4.25e-07	2.5e-08	3.75e-07
4.75e-07	2.5e-08	3.75e-07
4.25e-07	7.5e-08	3.75e-07
4.75e-07	7.5e-08	3.75e-07
4.25e-07	1.25e-07	3.75e-07
4.75e-07	1.25e-07	3.75e-07
4.25e-07	1.75e-07	3.75e-07
4.75e-07	1.75e-07	3.75e-07
4.25e-07	2.25e-07	3.75e-07
4.75e-07	2.25e-07	3.75e-07
4.25e-07	2.75e-07	3.75e-07
4.75e-07	2.75e-07	3.75e-07
4.25e-07	3.25e-07	3.75e-07
4.75e-07	3.25e-07	3.75e-07
4.25e-07	3.75e-07	3.75e-07
4.75e-07	3.75e-07	3.75e-07
4.25e-07	4.25e-07	3.75e-07
4.75e-07	4.25e-07	3.75e-07
4.25e-07	4.75e-07	3.75e-07
4.75e-07	4.75e-07	3.75e-07
4.25e-07	2.5e-08	4.25e-07
4.75e-07	2.5e-08	4.25e-07
4.25e-07	7.5e-08	4.25e-07
4.75e-07	7.5e-08	4.25e-07
4.25e-07	1.25e-07	4.25e-07
4.75e-07	1.25e-07	4.25e-07
4.25e-07	1.75e-07	4.25e-07
4.75e-07	1.75e-07	4.25e-07
4.25e-07	2.25e-07	4.25e-07
4.75e-07	2.25e-07	4.25e-07
4.25e-07	2.75e-07	4.25e-07
4.75e-07	2.75e-07	4.25e-07
4.25e-07	3.25e-07	4.25e-07
4.75e-07	3.25e-07	4.25e-07
4.25e-07	3.75e-07	4.25e-07
4.75e-07	3.75e-07	4.25e-07
4.25e-07	4.25e-07	4.25e-07
4.75e-07	4.25e-07	4.25e-07
4.25e-07	4.75e-07	4.25e-07
4.75e-07	4.75e-07	4.25e-07
4.25e-07	2.5e-08	4.75e-07
4.75e-07	2.5e-08	4.75e-07
4.25e-07	7.5e-08	4.75e-07
4.75e-07	7.5e-08	4.75e-07
4.25e-07	1.25e-07	4.75e-07
4.75e-07	1.25e-07	4.75e-07
4.25e-07	1.75e-07	4.75e-07
4.75e-07	1.75e-07	4.75e-07
4.25e-07	2.25e-07	4.75e-07
4.75e-07	2.25e-07	4.75e-07
4.25e-07	2.75e-07	4.75e-07
4.75e-07	2.75e-07	4.75e-07
4.25e-07	3.25e-07	4.75e-07
4.75e-07	3.25e-07	4.75e-07
4.25e-07	3.75e-07	4.75e-07
4.75e-07	3.75e-07	4.75e-07
4.25e-07	4.25e-07	4.75e-07
4.75e-07	4.25e-07	4.75e-07
4.25e-07	4.75e-07	4.75e-07
4.75e-07	4.75e-07	4.75e-07
1.025e-06	2.5e-08	2.5e-08
1.075e-06	2.5e-08	2.5e-08
1.025e-06	7.5e-08	2.5e-08
1.075e-06	7.5e-08	2.5e-08
1.025e-06	1.25e-07	2.5e-08
1.075e-06	1.25e-07	2.5e-08
1.025e-06	1.75e-07	2.5e-08
1.075e-06	1.75e-07	2.5e-08
1.025e-06	2.25e-07	2.5e-08
1.075e-06	2.25e-07	2.5e-08
1.025e-06	2.75e-07	2.5e-08
1.075e-06	2.75e-07	2.5e-08
1.025e-06	3.25e-07	2.5e-08
1.075e-06	3.25e-07	2.5e-08
1.025e-06	3.75e-07	2.5e-08
1.075e-06	3.75e-07	2.5e-08
1.025e-06	4.25e-07	2.5e-08
1.075e-06	4.25e-07	2.5e-08
1.025e-06	4.75e-07	2.5e-08
1.075e-06	4.75e-07	2.5e-08
1.025e-06	2.5e-08	7.5e-08
1.075e-06	2.5e-08	7.5e-08
1.025e-06	7.5e-08	7.5e-08
1.075e-06	7.5e-08	7.5e-08
1.025e-06	1.25e-07	7.5e-08
1.075e-06	1.25e-07	7.5e-08
1.025e-06	1.75e-07	7.5e-08
1.075e-06	1.75e-07	7.5e-08
1.025e-06	2.25e-07	7.5e-08
1.075e-06	2.25e-07	7.5e-08
1.025e-06	2.75e-07	7.5e-08
1.075e-06	2.75e-07	7.5e-08
1.025e-06	3.25e-07	7.5e-08
1.075e-06	3.25e-07	7.5e-08
1.025e-06	3.75e-07	7.5e-08
1.075e-06	3.75e-07	7.5e-08
1.025e-06	4.25e-07	7.5e-08
1.075e-06	4.25e-07	7.5e-08
1.025e-06	4.75e-07	7.5e-08
1.075e-06	4.75e-07	7.5e-08
1.025e-06	2.5e-08	1.25e-07
1.075e-06	2.5e-08	1.25e-07
1.025e-06	7.5e-08	1.25e-07
1.075e-06	7.5e-08	1.25e-07
1.025e-06	1.25e-07	1.25e-07
1.075e-06	1.25e-07	1.25e-07
1.025e-06	1.75e-07	1.25e-07
1.075e-06	1.75e-07	1.25e-07
1.025e-06	2.25e-07	1.25e-07
1.075e-06	2.25e-07	1.25e-07
1.025e-06	2.75e-07	1.25e-07
1.075e-06	2.75e-07	1.25e-07
1.025e-06	3.25e-07	1.25e-07
1.075e-06	3.25e-07	1.25e-07
1.025e-06	3.75e-07	1.25e-07
1.075e-06	3.75e-07	1.25e-07
1.025e-06	4.25e-07	1.25e-07
1.075e-06	4.25e-07	1.25e-07
1.025e-06	4.75e-07	1.25e-07
1.075e-06	4.75e-07	1.25e-07
1.025e-06	2.5e-08	1.75e-07
1.075e-06	2.5e-08	1.75e-07
1.025e-06	7.5e-08	1.75e-07
1.075e-06	7.5e-08	1.75e-07
1.025e-06	1.25e-07	1.75e-07
1.075e-06	1.25e-07	1.75e-07
1.025e-06	1.75e-07	1.75e-07
1.075e-06	1.75e-07	1.75e-07
1.025e-06	2.25e-07	1.75e-07
1.075e-06	2.25e-07	1.75e-07
1.025e-06	2.75e-07	1.75e-07
1.075e-06	2.75e-07	1.75e-07
1.025e-06	3.25e-07	1.75e-07
1.075e-06	3.25e-07	1.75e-07
1.025e-06	3.75e-07	1.75e-07
1.075e-06	3.75e-07	1.75e-07
1.025e-06	4.25e-07	1.75e-07
1.075e-06	4.25e-07	1.75e-07
1.025e-06	4.75e-07	1.75e-07
1.075e-06	4.75e-07	1.75e-07
1.025e-06	2.5e-08	2.25e-07
1.075e-06	2.5e-08	2.25e-07
1.025e-06	7.5e-08	2.25e-07
1.075e-06	7.5e-08	2.25e-07
1.025e-06	1.25e-07	2.25e-07
1.075e-06	1.25e-07	2.25e-07
1.025e-06	1.75e-07	2.25e-07
1.075e-06	1.75e-07	2.25e-07
1.025e-06	2.25e-07	2.25e-07
1.075e-06	2.25e-07	2.25e-07
1.025e-06	2.75e-07	2.25e-07
1.075e-06	2.75e-07	2.25e-07
1.025e-06	3.25e-07	2.25e-07
1.075e-06	3.25e-07	2.25e-07
1.025e-06	3.75e-07	2.25e-07
1.075e-06	3.75e-07	2.25e-07
1.025e-06	4.25e-07	2.25e-07
1.075e-06	4.25e-07	2.25e-07
1.025e-06	4.75e-07	2.25e-07
1.075e-06	4.75e-07	2.25e-07
1.025e-06	2.5e-08	2.75e-07
1.075e-06	2.5e-08	2.75e-07
1.025e-06	7.5e-08	2.75e-07
1.075e-06	7.5e-08	2.75e-07
1.025e-06	1.25e-07	2.75e-07
1.075e-06	1.25e-07	2.75e-07
1.025e-06	1.75e-07	2.75e-07
1.075e-06	1.75e-07	2.75e-07
1.025e-06	2.25e-07	2.75e-07
1.075e-06	2.25e-07	2.75e-07
1.025e-06	2.75e-07	2.75e-07
1.075e-06	2.75e-07	2.75e-07
1.025e-06	3.25e-07	2.75e-07
1.075e-06	3.25e-07	2.75e-07
1.025e-06	3.75e-07	2.75e-07
1.075e-06	3.75e-07	2.75e-07
1.025e-06	4.25e-07	2.75e-07
1.075e-06	4.25e-07	2.75e-07
1.025e-06	4.75e-07	2.75e-07
1.075e-06	4.75e-07	2.75e-07
1.025e-06	2.5e-08	3.25e-07
1.075e-06	2.5e-08	3.25e-07
1.025e-06	7.5e-08	3.25e-07
1.075e-06	7.5e-08	3.25e-07
1.025e-06	1.25e-07	3.25e-07
1.075e-06	1.25e-07	3.25e-07
1.025e-06	1.75e-07	3.25e-07
1.075e-06	1.75e-07	3.25e-07
1.025e-06	2.25e-07	3.25e-07
1.075e-06	2.25e-07	3.25e-07
1.025e-06	2.75e-07	3.25e-07
1.075e-06	2.75e-07	3.25e-07
1.025e-06	3.25e-07	3.25e-07
1.075e-06	3.25e-07	3.25e-07
1.025e-06	3.75e-07	3.25e-07
1.075e-06	3.75e-07	3.25e-07
1.025e-06	4.25e-07	3.25e-07
1.075e-06	4.25e-07	3.25e-07
1.025e-06	4.75e-07	3.25e-07
1.075e-06	4.75e-07	3.25e-07
1.025e-06	2.5e-08	3.75e-07
1.075e-06	2.5e-08	3.75e-07
1.025e-06	7.5e-08	3.75e-07
1.075e-06	7.5e-08	3.75e-07
1.025e-06	1.25e-07	3.75e-07
1.075e-06	1.25e-07	3.75e-07
1.025e-06	1.75e-07	3.75e-07
1.075e-06	1.75e-07	3.75e-07
1.025e-06	2.25e-07	3.75e-07
1.075e-06	2.25e-07	3.75e-07
1.025e-06	2.75e-07	3.75e-07
1.075e-06	2.75e-07	3.75e-07
1.025e-06	3.25e-07	3.75e-07
1.075e-06	3.25e-07	3.75e-07
1.025e-06	3.75e-07	3.75e-07
1.075e-06	3.75e-07	3.75e-07
1.025e-06	4.25e-07	3.75e-07
1.075e-06	4.25e-07	3.75e-07
1.025e-06	4.75e-07	3.75e-07
1.075e-06	4.75e-07	3.75e-07
1.025e-06	2.5e-08	4.25e-07
1.075e-06	2.5e-08	4.25e-07
1.025e-06	7.5e-08	4.25e-07
1.075e-06	7.5e-08	4.25e-07
1.025e-06	1.25e-07	4.25e-07
1.075e-06	1.25e-07	4.25e-07
1.025e-06	1.75e-07	4.25e-07
1.075e-06	1.75e-07	4.25e-07
1.025e-06	2.25e-07	4.25e-07
1.075e-06	2.25e-07	4.25e-07
1.025e-06	2.75e-07	4.25e-07
1.075e-06	2.75e-07	4.25e-07
1.025e-06	3.25e-07	4.25e-07
1.075e-06	3.25e-07	4.25e-07
1.025e-06	3.75e-07	4.25e-07
1.075e-06	3.75e-07	4.25e-07
1.025e-06	4.25e-07	4.25e-07
1.075e-06	4.25e-07	4.25e-07
1.025e-06	4.75e-07	4.25e-07
1.075e-06	4.75e-07	4.25e-07
1.025e-06	2.5e-08	4.75e-07
1.075e-06	2.5e-08	4.75e-07
1.025e-06	7.5e-08	4.75e-07
1.075e-06	7.5e-08	4.75e-07
1.025e-06	1.25e-07	4.75e-07
1.075e-06	1.25e-07	4.75e-07
1.025e-06	1.75e-07	4.75e-07
1.075e-06	1.75e-07	4.75e-07
1.025e-06	2.25e-07	4.75e-07
1.075e-06	2.25e-07	4.75e-07
1.025e-06	2.75e-07	4.75e-07
1.075e-06	2.75e-07	4.75e-07
1.025e-06	3.25e-07	4.75e-07
1.075e-06	3.25e-07	4.75e-07
1.025e-06	3.75e-07	4.75e-07
1.075e-06	3.75e-07	4.75e-07
1.025e-06	4.25e-07	4.75e-07
1.075e-06	4.25e-07	4.75e-07
1.025e-06	4.75e-07	4.75e-07
1.075e-06	4.75e-07	4.75e-07
1.16666666666667e-06	6.66666666666667e-08	6.66666666666667e-08
1.3e-06	6.66666666666667e-08	6.66666666666667e-08
1.43333333333333e-06	6.66666666666667e-08	6.66666666666667e-08
1.16666666666667e-06	1.91666666666667e-07	6.66666666666667e-08
1.3e-06	1.91666666666667e-07	6.66666666666667e-08
1.43333333333333e-06	1.91666666666667e-07	6.66666666666667e-08
1.16666666666667e-06	3.16666666666667e-07	6.66666666666667e-08
1.3e-06	3.16666666666667e-07	6.66666666666667e-08
1.43333333333333e-06	3.16666666666667e-07	6.66666666666667e-08
1.16666666666667e-06	4.41666666666667e-07	6.66666666666667e-08
1.3e-06	4.41666666666667e-07	6.66666666666667e-08
1.43333333333333e-06	4.41666666666667e-07	6.66666666666667e-08
1.16666666666667e-06	6.66666666666667e-08	1.91666666666667e-07
1.3e-06	6.66666666666667e-08	1.91666666666667e-07
1.43333333333333e-06	6.66666666666667e-08	1.91666666666667e-07
1.16666666666667e-06	1.91666666666667e-07	1.91666666666667e-07
1.3e-06	1.91666666666667e-07	1.91666666666667e-07
1.43333333333333e-06	1.91666666666667e-07	1.91666666666667e-07
1.16666666666667e-06	3.16666666666667e-07	1.91666666666667e-07
1.3e-06	3.16666666666667e-07	1.91666666666667e-07
1.43333333333333e-06	3.16666666666667e-07	1.91666666666667e-07
1.16666666666667e-06	4.41666666666667e-07	1.91666666666667e-07
1.3e-06	4.41666666666667e-07	1.91666666666667e-07
1.43333333333333e-06	4.41666666666667e-07	1.91666666666667e-07
1.16666666666667e-06	6.66666666666667e-08	3.16666666666667e-07
1.3e-06	6.66666666666667e-08	3.16666666666667e-07
1.43333333333333e-06	6.66666666666667e-08	3.16666666666667e-07
1.16666666666667e-06	1.91666666666667e-07	3.16666666666667e-07
1.3e-06	1.91666666666667e-07	3.16666666666667e-07
1.43333333333333e-06	1.91666666666667e-07	3.16666666666667e-07
1.16666666666667e-06	3.16666666666667e-07	3.16666666666667e-07
1.3e-06	3.16666666666667e-07	3.16666666666667e-07
1.43333333333333e-06	3.16666666666667e-07	3.16666666666667e-07
1.16666666666667e-06	4.41666666666667e-07	3.16666666666667e-07
1.3e-06	4.41666666666667e-07	3.16666666666667e-07
1.43333333333333e-06	4.41666666666667e-07	3.16666666666667e-07
1.16666666666667e-06	6.66666666666667e-08	4.41666666666667e-07
1.3e-06	6.66666666666667e-08	4.41666666666667e-07
1.43333333333333e-06	6.66666666666667e-08	4.41666666666667e-07
1.16666666666667e-06	1.91666666666667e-07	4.41666666666667e-07
1.3e-06	1.91666666666667e-07	4.41666666666667e-07
1.43333333333333e-06	1.91666666666667e-07	4.41666666666667e-07
1.16666666666667e-06	3.16666666666667e-07	4.41666666666667e-07
1.3e-06	3.16666666666667e-07	4.41666666666667e-07
1.43333333333333e-06	3.16666666666667e-07	4.41666666666667e-07
1.16666666666667e-06	4.41666666666667e-07	4.41666666666667e-07
1.3e-06	4.41666666666667e-07	4.41666666666667e-07
1.43333333333333e-06	4.41666666666667e-07	4.41666666666667e-07
